 # time   dt   totl   totg   tot n2p
  0.0000E+00  1.0000E+02  2.5000E+04  0.0000E+00  2.5000E+04  5.0000E+01  0.0000E+00  5.0000E-01  5.0000E-01
  1.0000E+02  1.0000E+02  2.5000E+04  2.7030E-04  2.5000E+04  5.0000E+01  5.0000E-01  5.0000E-01  5.0000E-01
  1.2500E+02  2.5000E+01  2.5000E+04  3.3788E-04  2.5000E+04  5.0000E+01  5.0000E-01  5.0000E-01  5.0000E-01
  1.5625E+02  3.1250E+01  2.5000E+04  4.2235E-04  2.5000E+04  5.0000E+01  5.0000E-01  5.0000E-01  5.0000E-01
  1.9531E+02  3.9063E+01  2.5000E+04  5.2795E-04  2.5000E+04  5.0000E+01  5.0000E-01  5.0000E-01  5.0000E-01
  2.4414E+02  4.8828E+01  2.5000E+04  6.5996E-04  2.5000E+04  5.0000E+01  5.0000E-01  5.0000E-01  5.0000E-01
  3.0518E+02  6.1035E+01  2.5000E+04  8.2498E-04  2.5000E+04  5.0000E+01  5.0000E-01  5.0000E-01  5.0000E-01
  3.8147E+02  7.6294E+01  2.5000E+04  1.0313E-03  2.5000E+04  5.0000E+01  5.0000E-01  5.0000E-01  5.0000E-01
  4.7684E+02  9.5367E+01  2.5000E+04  1.2892E-03  2.5000E+04  5.0000E+01  5.0000E-01  5.0000E-01  5.0000E-01
  5.9605E+02  1.1921E+02  2.5000E+04  1.6116E-03  2.5000E+04  5.0000E+01  5.0000E-01  5.0000E-01  5.0000E-01
  7.4506E+02  1.4901E+02  2.5000E+04  2.0148E-03  2.5000E+04  5.0000E+01  5.0000E-01  5.0000E-01  5.0000E-01
  9.3132E+02  1.8626E+02  2.5000E+04  2.5188E-03  2.5000E+04  5.0000E+01  5.0000E-01  5.0000E-01  5.0000E-01
  1.1642E+03  2.3283E+02  2.5000E+04  3.1490E-03  2.5000E+04  5.0000E+01  5.0000E-01  5.0000E-01  5.0000E-01
  1.4552E+03  2.9104E+02  2.5000E+04  3.9371E-03  2.5000E+04  5.0000E+01  5.0000E-01  5.0000E-01  5.0000E-01
  1.8190E+03  3.6380E+02  2.5000E+04  4.9226E-03  2.5000E+04  5.0000E+01  5.0000E-01  5.0000E-01  5.0000E-01
  2.2737E+03  4.5475E+02  2.5000E+04  6.1551E-03  2.5000E+04  5.0000E+01  5.0000E-01  5.0000E-01  5.0000E-01
  2.8422E+03  5.6843E+02  2.5000E+04  7.6967E-03  2.5000E+04  5.0000E+01  5.0000E-01  5.0000E-01  5.0000E-01
  3.5527E+03  7.1054E+02  2.5000E+04  9.6252E-03  2.5000E+04  5.0000E+01  5.0000E-01  5.0000E-01  5.0000E-01
  4.4409E+03  8.8818E+02  2.5000E+04  1.2038E-02  2.5000E+04  5.0000E+01  5.0000E-01  5.0000E-01  5.0000E-01
  5.5511E+03  1.1102E+03  2.4999E+04  1.5057E-02  2.5000E+04  5.0000E+01  5.0000E-01  5.0000E-01  5.0000E-01
  6.9389E+03  1.3878E+03  2.4999E+04  1.8836E-02  2.4999E+04  5.0000E+01  5.0000E-01  5.0000E-01  5.0000E-01
  8.6736E+03  1.7347E+03  2.4999E+04  2.3567E-02  2.4999E+04  5.0000E+01  5.0000E-01  5.0000E-01  5.0000E-01
  1.0000E+04  1.3264E+03  2.4999E+04  2.7188E-02  2.4999E+04  5.0000E+01  5.0000E-01  5.0000E-01  5.0000E-01
  1.2500E+04  2.5000E+03  2.4999E+04  3.4028E-02  2.4999E+04  5.0000E+01  5.0000E-01  5.0000E-01  5.0000E-01
  1.5625E+04  3.1250E+03  2.4999E+04  4.2599E-02  2.4999E+04  5.0000E+01  5.0000E-01  5.0000E-01  5.0000E-01
  1.9531E+04  3.9063E+03  2.4998E+04  5.3344E-02  2.4998E+04  5.0000E+01  5.0000E-01  5.0000E-01  5.0000E-01
  2.4414E+04  4.8828E+03  2.4998E+04  6.6823E-02  2.4998E+04  5.0000E+01  5.0000E-01  5.0000E-01  5.0000E-01
  3.0518E+04  6.1035E+03  2.4997E+04  8.3746E-02  2.4997E+04  5.0000E+01  5.0000E-01  5.0000E-01  5.0000E-01
  3.8147E+04  7.6294E+03  2.4996E+04  1.0501E-01  2.4997E+04  5.0000E+01  5.0000E-01  5.0000E-01  5.0000E-01
  4.7684E+04  9.5367E+03  2.4996E+04  1.3176E-01  2.4996E+04  5.0000E+01  5.0000E-01  5.0000E-01  5.0000E-01
  5.9605E+04  1.1921E+04  2.4994E+04  1.6547E-01  2.4995E+04  5.0000E+01  5.0000E-01  5.0000E-01  5.0000E-01
  7.4506E+04  1.4901E+04  2.4993E+04  2.0802E-01  2.4993E+04  5.0000E+01  5.0000E-01  5.0000E-01  5.0000E-01
  9.3132E+04  1.8626E+04  2.4991E+04  2.6187E-01  2.4992E+04  5.0000E+01  5.0000E-01  5.0000E-01  5.0000E-01
  1.0000E+05  6.8677E+03  2.4991E+04  2.8181E-01  2.4991E+04  5.0000E+01  5.0000E-01  5.0000E-01  5.0000E-01
  1.1374E+05  1.3735E+04  2.4989E+04  3.2205E-01  2.4990E+04  5.0000E+01  5.0000E-01  5.0000E-01  5.0000E-01
  1.4121E+05  2.7471E+04  2.4987E+04  4.0404E-01  2.4987E+04  5.0000E+01  5.0000E-01  5.0000E-01  5.0000E-01
  1.7651E+05  3.5302E+04  2.4983E+04  5.1203E-01  2.4983E+04  5.0000E+01  5.0000E-01  5.0000E-01  5.0000E-01
  2.0000E+05  2.3492E+04  2.4980E+04  5.8509E-01  2.4981E+04  5.0000E+01  5.0000E-01  5.0000E-01  5.0000E-01
  2.4698E+05  4.6984E+04  2.4975E+04  7.3642E-01  2.4976E+04  5.0000E+01  5.0000E-01  5.0000E-01  5.0000E-01
  2.9698E+05  5.0000E+04  2.4970E+04  9.0371E-01  2.4971E+04  5.0000E+01  5.0000E-01  5.0000E-01  5.0000E-01
  3.4698E+05  5.0000E+04  2.4964E+04  1.0773E+00  2.4965E+04  5.0000E+01  5.0000E-01  5.0000E-01  5.0000E-01
  3.9698E+05  5.0000E+04  2.4958E+04  1.2568E+00  2.4959E+04  5.0000E+01  5.0000E-01  5.0000E-01  5.0000E-01
  4.4698E+05  5.0000E+04  2.4952E+04  1.4417E+00  2.4953E+04  5.0000E+01  5.0000E-01  5.0000E-01  5.0000E-01
  4.9698E+05  5.0000E+04  2.4946E+04  1.6310E+00  2.4947E+04  5.0000E+01  5.0000E-01  5.0000E-01  5.0000E-01
  5.0000E+05  3.0161E+03  2.4945E+04  1.6425E+00  2.4947E+04  5.0000E+01  5.0000E-01  5.0000E-01  5.0000E-01
  5.0603E+05  6.0323E+03  2.4944E+04  1.6654E+00  2.4946E+04  5.0000E+01  5.0000E-01  5.0000E-01  5.0000E-01
  5.1810E+05  1.2065E+04  2.4943E+04  1.7115E+00  2.4945E+04  5.0000E+01  5.0000E-01  5.0000E-01  5.0000E-01
  5.4223E+05  2.4129E+04  2.4940E+04  1.8045E+00  2.4942E+04  5.0000E+01  5.0000E-01  5.0000E-01  5.0000E-01
  5.9048E+05  4.8258E+04  2.4934E+04  1.9931E+00  2.4936E+04  5.0000E+01  5.0000E-01  5.0000E-01  5.0000E-01
  6.4048E+05  5.0000E+04  2.4927E+04  2.1907E+00  2.4929E+04  5.0000E+01  5.0000E-01  5.0000E-01  5.0000E-01
  6.9048E+05  5.0000E+04  2.4920E+04  2.3898E+00  2.4923E+04  5.0000E+01  5.0000E-01  5.0000E-01  5.0000E-01
  7.4048E+05  5.0000E+04  2.4914E+04  2.5900E+00  2.4916E+04  5.0000E+01  5.0000E-01  5.0000E-01  5.0000E-01
  7.9048E+05  5.0000E+04  2.4907E+04  2.7911E+00  2.4910E+04  5.0000E+01  5.0000E-01  5.0000E-01  5.0000E-01
  8.4048E+05  5.0000E+04  2.4900E+04  2.9928E+00  2.4903E+04  5.0000E+01  5.0000E-01  5.0000E-01  5.0000E-01
  8.9048E+05  5.0000E+04  2.4894E+04  3.1950E+00  2.4897E+04  5.0000E+01  5.0000E-01  5.0000E-01  5.0000E-01
  9.4048E+05  5.0000E+04  2.4887E+04  3.3975E+00  2.4890E+04  5.0000E+01  5.0000E-01  5.0000E-01  5.0000E-01
  9.9048E+05  5.0000E+04  2.4880E+04  3.6003E+00  2.4884E+04  5.0000E+01  5.0000E-01  5.0000E-01  5.0000E-01
  1.0405E+06  5.0000E+04  2.4873E+04  3.8032E+00  2.4877E+04  5.0000E+01  5.0000E-01  5.0000E-01  5.0000E-01
  1.0905E+06  5.0000E+04  2.4866E+04  4.0063E+00  2.4870E+04  5.0000E+01  5.0000E-01  5.0000E-01  5.0000E-01
  1.1405E+06  5.0000E+04  2.4860E+04  4.2095E+00  2.4864E+04  5.0000E+01  5.0000E-01  5.0000E-01  5.0000E-01
  1.1905E+06  5.0000E+04  2.4853E+04  4.4128E+00  2.4857E+04  5.0000E+01  5.0000E-01  5.0000E-01  5.0000E-01
  1.2405E+06  5.0000E+04  2.4846E+04  4.6161E+00  2.4851E+04  5.0000E+01  5.0000E-01  5.0000E-01  5.0000E-01
  1.2905E+06  5.0000E+04  2.4839E+04  4.8195E+00  2.4844E+04  5.0000E+01  5.0000E-01  5.0000E-01  5.0000E-01
  1.3405E+06  5.0000E+04  2.4833E+04  5.0229E+00  2.4838E+04  5.0000E+01  5.0000E-01  5.0000E-01  5.0000E-01
  1.3905E+06  5.0000E+04  2.4826E+04  5.2263E+00  2.4831E+04  5.0000E+01  5.0000E-01  5.0000E-01  5.0000E-01
  1.4405E+06  5.0000E+04  2.4819E+04  5.4297E+00  2.4824E+04  5.0000E+01  5.0000E-01  5.0000E-01  5.0000E-01
  1.4905E+06  5.0000E+04  2.4812E+04  5.6331E+00  2.4818E+04  5.0000E+01  5.0000E-01  5.0000E-01  5.0000E-01
  1.5405E+06  5.0000E+04  2.4805E+04  5.8365E+00  2.4811E+04  5.0000E+01  5.0000E-01  5.0000E-01  5.0000E-01
  1.5905E+06  5.0000E+04  2.4799E+04  6.0399E+00  2.4805E+04  5.0000E+01  5.0000E-01  5.0000E-01  5.0000E-01
  1.6405E+06  5.0000E+04  2.4792E+04  6.2433E+00  2.4798E+04  5.0000E+01  5.0000E-01  5.0000E-01  5.0000E-01
  1.6905E+06  5.0000E+04  2.4785E+04  6.4467E+00  2.4792E+04  5.0000E+01  5.0000E-01  5.0000E-01  5.0000E-01
  1.7405E+06  5.0000E+04  2.4778E+04  6.6500E+00  2.4785E+04  5.0000E+01  5.0000E-01  5.0000E-01  5.0000E-01
  1.7905E+06  5.0000E+04  2.4772E+04  6.8533E+00  2.4778E+04  5.0000E+01  5.0000E-01  5.0000E-01  5.0000E-01
  1.8405E+06  5.0000E+04  2.4765E+04  7.0567E+00  2.4772E+04  5.0000E+01  5.0000E-01  5.0000E-01  5.0000E-01
  1.8905E+06  5.0000E+04  2.4758E+04  7.2599E+00  2.4765E+04  5.0000E+01  5.0000E-01  5.0000E-01  5.0000E-01
  1.9405E+06  5.0000E+04  2.4751E+04  7.4632E+00  2.4759E+04  5.0000E+01  5.0000E-01  5.0000E-01  5.0000E-01
  1.9905E+06  5.0000E+04  2.4744E+04  7.6664E+00  2.4752E+04  5.0000E+01  5.0000E-01  5.0000E-01  5.0000E-01
  2.0405E+06  5.0000E+04  2.4738E+04  7.8696E+00  2.4746E+04  5.0000E+01  5.0000E-01  5.0000E-01  5.0000E-01
  2.0905E+06  5.0000E+04  2.4731E+04  8.0728E+00  2.4739E+04  5.0000E+01  5.0000E-01  5.0000E-01  5.0000E-01
  2.1405E+06  5.0000E+04  2.4724E+04  8.2759E+00  2.4732E+04  5.0000E+01  5.0000E-01  5.0000E-01  5.0000E-01
  2.1905E+06  5.0000E+04  2.4717E+04  8.4790E+00  2.4726E+04  5.0000E+01  5.0000E-01  5.0000E-01  5.0000E-01
  2.2405E+06  5.0000E+04  2.4711E+04  8.6821E+00  2.4719E+04  5.0000E+01  5.0000E-01  5.0000E-01  5.0000E-01
  2.2905E+06  5.0000E+04  2.4704E+04  8.8852E+00  2.4713E+04  5.0000E+01  5.0000E-01  5.0000E-01  5.0000E-01
  2.3405E+06  5.0000E+04  2.4697E+04  9.0882E+00  2.4706E+04  5.0000E+01  5.0000E-01  5.0000E-01  5.0000E-01
  2.3905E+06  5.0000E+04  2.4690E+04  9.2912E+00  2.4700E+04  5.0000E+01  5.0000E-01  5.0000E-01  5.0000E-01
  2.4405E+06  5.0000E+04  2.4684E+04  9.4941E+00  2.4693E+04  5.0000E+01  5.0000E-01  5.0000E-01  5.0000E-01
  2.4905E+06  5.0000E+04  2.4677E+04  9.6971E+00  2.4686E+04  5.0000E+01  5.0000E-01  5.0000E-01  5.0000E-01
  2.5000E+06  9.5159E+03  2.4675E+04  9.7357E+00  2.4685E+04  5.0000E+01  5.0000E-01  5.0000E-01  5.0000E-01
  2.5190E+06  1.9032E+04  2.4673E+04  9.8129E+00  2.4683E+04  5.0000E+01  5.0000E-01  5.0000E-01  5.0000E-01
  2.5571E+06  3.8063E+04  2.4668E+04  9.9674E+00  2.4678E+04  5.0000E+01  5.0000E-01  5.0000E-01  5.0000E-01
  2.6071E+06  5.0000E+04  2.4661E+04  1.0170E+01  2.4671E+04  5.0000E+01  5.0000E-01  5.0000E-01  5.0000E-01
  2.6571E+06  5.0000E+04  2.4654E+04  1.0373E+01  2.4665E+04  5.0000E+01  5.0000E-01  5.0000E-01  5.0000E-01
  2.7071E+06  5.0000E+04  2.4647E+04  1.0576E+01  2.4658E+04  5.0000E+01  5.0000E-01  5.0000E-01  5.0000E-01
  2.7571E+06  5.0000E+04  2.4641E+04  1.0779E+01  2.4651E+04  5.0000E+01  5.0000E-01  5.0000E-01  5.0000E-01
  2.8071E+06  5.0000E+04  2.4634E+04  1.0981E+01  2.4645E+04  5.0000E+01  5.0000E-01  5.0000E-01  5.0000E-01
  2.8571E+06  5.0000E+04  2.4627E+04  1.1184E+01  2.4638E+04  5.0000E+01  5.0000E-01  5.0000E-01  5.0000E-01
  2.9071E+06  5.0000E+04  2.4620E+04  1.1387E+01  2.4632E+04  5.0000E+01  5.0000E-01  5.0000E-01  5.0000E-01
  2.9571E+06  5.0000E+04  2.4614E+04  1.1589E+01  2.4625E+04  5.0000E+01  5.0000E-01  5.0000E-01  5.0000E-01
  3.0071E+06  5.0000E+04  2.4607E+04  1.1792E+01  2.4619E+04  5.0000E+01  5.0000E-01  5.0000E-01  5.0000E-01
  3.0571E+06  5.0000E+04  2.4600E+04  1.1994E+01  2.4612E+04  5.0000E+01  5.0000E-01  5.0000E-01  5.0000E-01
  3.1071E+06  5.0000E+04  2.4593E+04  1.2197E+01  2.4606E+04  5.0000E+01  5.0000E-01  5.0000E-01  5.0000E-01
  3.1571E+06  5.0000E+04  2.4587E+04  1.2399E+01  2.4599E+04  5.0000E+01  5.0000E-01  5.0000E-01  5.0000E-01
  3.2071E+06  5.0000E+04  2.4580E+04  1.2602E+01  2.4593E+04  5.0000E+01  5.0000E-01  5.0000E-01  5.0000E-01
  3.2571E+06  5.0000E+04  2.4573E+04  1.2804E+01  2.4586E+04  5.0000E+01  5.0000E-01  5.0000E-01  5.0000E-01
  3.3071E+06  5.0000E+04  2.4566E+04  1.3007E+01  2.4579E+04  5.0000E+01  5.0000E-01  5.0000E-01  5.0000E-01
  3.3571E+06  5.0000E+04  2.4560E+04  1.3209E+01  2.4573E+04  5.0000E+01  5.0000E-01  5.0000E-01  5.0000E-01
  3.4071E+06  5.0000E+04  2.4553E+04  1.3411E+01  2.4566E+04  5.0000E+01  5.0000E-01  5.0000E-01  5.0000E-01
  3.4571E+06  5.0000E+04  2.4546E+04  1.3614E+01  2.4560E+04  5.0000E+01  5.0000E-01  5.0000E-01  5.0000E-01
  3.5071E+06  5.0000E+04  2.4539E+04  1.3816E+01  2.4553E+04  5.0000E+01  5.0000E-01  5.0000E-01  5.0000E-01
  3.5571E+06  5.0000E+04  2.4533E+04  1.4018E+01  2.4547E+04  5.0000E+01  5.0000E-01  5.0000E-01  5.0000E-01
  3.6071E+06  5.0000E+04  2.4526E+04  1.4220E+01  2.4540E+04  5.0000E+01  5.0000E-01  5.0000E-01  5.0000E-01
  3.6571E+06  5.0000E+04  2.4519E+04  1.4423E+01  2.4534E+04  5.0000E+01  5.0000E-01  5.0000E-01  5.0000E-01
  3.7071E+06  5.0000E+04  2.4513E+04  1.4625E+01  2.4527E+04  5.0000E+01  5.0000E-01  5.0000E-01  5.0000E-01
  3.7571E+06  5.0000E+04  2.4506E+04  1.4827E+01  2.4521E+04  5.0000E+01  5.0000E-01  5.0000E-01  5.0000E-01
  3.8071E+06  5.0000E+04  2.4499E+04  1.5029E+01  2.4514E+04  5.0000E+01  5.0000E-01  5.0000E-01  5.0000E-01
  3.8571E+06  5.0000E+04  2.4492E+04  1.5231E+01  2.4508E+04  5.0000E+01  5.0000E-01  5.0000E-01  5.0000E-01
  3.9071E+06  5.0000E+04  2.4486E+04  1.5433E+01  2.4501E+04  5.0000E+01  5.0000E-01  5.0000E-01  5.0000E-01
  3.9571E+06  5.0000E+04  2.4479E+04  1.5635E+01  2.4494E+04  5.0000E+01  5.0000E-01  5.0000E-01  5.0000E-01
  4.0071E+06  5.0000E+04  2.4472E+04  1.5837E+01  2.4488E+04  5.0000E+01  5.0000E-01  5.0000E-01  5.0000E-01
  4.0571E+06  5.0000E+04  2.4465E+04  1.6039E+01  2.4481E+04  5.0000E+01  5.0000E-01  5.0000E-01  5.0000E-01
  4.1071E+06  5.0000E+04  2.4459E+04  1.6241E+01  2.4475E+04  5.0000E+01  5.0000E-01  5.0000E-01  5.0000E-01
  4.1571E+06  5.0000E+04  2.4452E+04  1.6442E+01  2.4468E+04  5.0000E+01  5.0000E-01  5.0000E-01  5.0000E-01
  4.2071E+06  5.0000E+04  2.4445E+04  1.6644E+01  2.4462E+04  5.0000E+01  5.0000E-01  5.0000E-01  5.0000E-01
  4.2571E+06  5.0000E+04  2.4438E+04  1.6846E+01  2.4455E+04  5.0000E+01  5.0000E-01  5.0000E-01  5.0000E-01
  4.3071E+06  5.0000E+04  2.4432E+04  1.7048E+01  2.4449E+04  5.0000E+01  5.0000E-01  5.0000E-01  5.0000E-01
  4.3571E+06  5.0000E+04  2.4425E+04  1.7249E+01  2.4442E+04  5.0000E+01  5.0000E-01  5.0000E-01  5.0000E-01
  4.4071E+06  5.0000E+04  2.4418E+04  1.7451E+01  2.4436E+04  5.0000E+01  5.0000E-01  5.0000E-01  5.0000E-01
  4.4571E+06  5.0000E+04  2.4412E+04  1.7653E+01  2.4429E+04  5.0000E+01  5.0000E-01  5.0000E-01  5.0000E-01
  4.5071E+06  5.0000E+04  2.4405E+04  1.7854E+01  2.4423E+04  5.0000E+01  5.0000E-01  5.0000E-01  5.0000E-01
  4.5571E+06  5.0000E+04  2.4398E+04  1.8056E+01  2.4416E+04  5.0000E+01  5.0000E-01  5.0000E-01  5.0000E-01
  4.6071E+06  5.0000E+04  2.4391E+04  1.8257E+01  2.4410E+04  5.0000E+01  5.0000E-01  5.0000E-01  5.0000E-01
  4.6571E+06  5.0000E+04  2.4385E+04  1.8459E+01  2.4403E+04  5.0000E+01  5.0000E-01  5.0000E-01  5.0000E-01
  4.7071E+06  5.0000E+04  2.4378E+04  1.8660E+01  2.4397E+04  5.0000E+01  5.0000E-01  5.0000E-01  5.0000E-01
  4.7571E+06  5.0000E+04  2.4371E+04  1.8862E+01  2.4390E+04  5.0000E+01  5.0000E-01  5.0000E-01  5.0000E-01
  4.8071E+06  5.0000E+04  2.4365E+04  1.9063E+01  2.4384E+04  5.0000E+01  5.0000E-01  5.0000E-01  5.0000E-01
  4.8571E+06  5.0000E+04  2.4358E+04  1.9264E+01  2.4377E+04  5.0000E+01  5.0000E-01  5.0000E-01  5.0000E-01
  4.9071E+06  5.0000E+04  2.4351E+04  1.9466E+01  2.4371E+04  5.0000E+01  5.0000E-01  5.0000E-01  5.0000E-01
  4.9571E+06  5.0000E+04  2.4344E+04  1.9667E+01  2.4364E+04  5.0000E+01  5.0000E-01  5.0000E-01  5.0000E-01
  5.0000E+06  4.2905E+04  2.4339E+04  1.9840E+01  2.4359E+04  5.0000E+01  5.0000E-01  5.0000E-01  5.0000E-01
  5.0500E+06  5.0000E+04  2.4332E+04  2.0041E+01  2.4352E+04  5.0000E+01  5.0000E-01  5.0000E-01  5.0000E-01
  5.1000E+06  5.0000E+04  2.4325E+04  2.0242E+01  2.4346E+04  5.0000E+01  5.0000E-01  5.0000E-01  5.0000E-01
  5.1500E+06  5.0000E+04  2.4319E+04  2.0443E+01  2.4339E+04  5.0000E+01  5.0000E-01  5.0000E-01  5.0000E-01
  5.2000E+06  5.0000E+04  2.4312E+04  2.0644E+01  2.4332E+04  5.0000E+01  5.0000E-01  5.0000E-01  5.0000E-01
  5.2500E+06  5.0000E+04  2.4305E+04  2.0845E+01  2.4326E+04  5.0000E+01  5.0000E-01  5.0000E-01  5.0000E-01
  5.3000E+06  5.0000E+04  2.4298E+04  2.1047E+01  2.4319E+04  5.0000E+01  5.0000E-01  5.0000E-01  5.0000E-01
  5.3500E+06  5.0000E+04  2.4292E+04  2.1248E+01  2.4313E+04  5.0000E+01  5.0000E-01  5.0000E-01  5.0000E-01
  5.4000E+06  5.0000E+04  2.4285E+04  2.1449E+01  2.4306E+04  5.0000E+01  5.0000E-01  5.0000E-01  5.0000E-01
  5.4500E+06  5.0000E+04  2.4278E+04  2.1649E+01  2.4300E+04  5.0000E+01  5.0000E-01  5.0000E-01  5.0000E-01
  5.5000E+06  5.0000E+04  2.4272E+04  2.1850E+01  2.4294E+04  5.0000E+01  5.0000E-01  5.0000E-01  5.0000E-01
  5.5500E+06  5.0000E+04  2.4265E+04  2.2051E+01  2.4287E+04  5.0000E+01  5.0000E-01  5.0000E-01  5.0000E-01
  5.6000E+06  5.0000E+04  2.4258E+04  2.2252E+01  2.4281E+04  5.0000E+01  5.0000E-01  5.0000E-01  5.0000E-01
  5.6500E+06  5.0000E+04  2.4252E+04  2.2453E+01  2.4274E+04  5.0000E+01  5.0000E-01  5.0000E-01  5.0000E-01
  5.7000E+06  5.0000E+04  2.4245E+04  2.2654E+01  2.4268E+04  5.0000E+01  5.0000E-01  5.0000E-01  5.0000E-01
  5.7500E+06  5.0000E+04  2.4238E+04  2.2854E+01  2.4261E+04  5.0000E+01  5.0000E-01  5.0000E-01  5.0000E-01
  5.8000E+06  5.0000E+04  2.4231E+04  2.3055E+01  2.4255E+04  5.0000E+01  5.0000E-01  5.0000E-01  5.0000E-01
  5.8500E+06  5.0000E+04  2.4225E+04  2.3256E+01  2.4248E+04  5.0000E+01  5.0000E-01  5.0000E-01  5.0000E-01
  5.9000E+06  5.0000E+04  2.4218E+04  2.3457E+01  2.4242E+04  5.0000E+01  5.0000E-01  5.0000E-01  5.0000E-01
  5.9500E+06  5.0000E+04  2.4211E+04  2.3657E+01  2.4235E+04  5.0000E+01  5.0000E-01  5.0000E-01  5.0000E-01
  6.0000E+06  5.0000E+04  2.4205E+04  2.3858E+01  2.4229E+04  5.0000E+01  5.0000E-01  5.0000E-01  5.0000E-01
  6.0500E+06  5.0000E+04  2.4198E+04  2.4058E+01  2.4222E+04  5.0000E+01  5.0000E-01  5.0000E-01  5.0000E-01
  6.1000E+06  5.0000E+04  2.4191E+04  2.4259E+01  2.4216E+04  5.0000E+01  5.0000E-01  5.0000E-01  5.0000E-01
  6.1500E+06  5.0000E+04  2.4185E+04  2.4459E+01  2.4209E+04  5.0000E+01  5.0000E-01  5.0000E-01  5.0000E-01
  6.2000E+06  5.0000E+04  2.4178E+04  2.4660E+01  2.4203E+04  5.0000E+01  5.0000E-01  5.0000E-01  5.0000E-01
  6.2500E+06  5.0000E+04  2.4171E+04  2.4860E+01  2.4196E+04  5.0000E+01  5.0000E-01  5.0000E-01  5.0000E-01
  6.3000E+06  5.0000E+04  2.4165E+04  2.5060E+01  2.4190E+04  5.0000E+01  5.0000E-01  5.0000E-01  5.0000E-01
  6.3500E+06  5.0000E+04  2.4158E+04  2.5261E+01  2.4183E+04  5.0000E+01  5.0000E-01  5.0000E-01  5.0000E-01
  6.4000E+06  5.0000E+04  2.4151E+04  2.5461E+01  2.4177E+04  5.0000E+01  5.0000E-01  5.0000E-01  5.0000E-01
  6.4500E+06  5.0000E+04  2.4145E+04  2.5661E+01  2.4170E+04  5.0000E+01  5.0000E-01  5.0000E-01  5.0000E-01
  6.5000E+06  5.0000E+04  2.4138E+04  2.5862E+01  2.4164E+04  5.0000E+01  5.0000E-01  5.0000E-01  5.0000E-01
  6.5500E+06  5.0000E+04  2.4131E+04  2.6062E+01  2.4157E+04  5.0000E+01  5.0000E-01  5.0000E-01  5.0000E-01
  6.6000E+06  5.0000E+04  2.4125E+04  2.6262E+01  2.4151E+04  5.0000E+01  5.0000E-01  5.0000E-01  5.0000E-01
  6.6500E+06  5.0000E+04  2.4118E+04  2.6462E+01  2.4144E+04  5.0000E+01  5.0000E-01  5.0000E-01  5.0000E-01
  6.7000E+06  5.0000E+04  2.4111E+04  2.6662E+01  2.4138E+04  5.0000E+01  5.0000E-01  5.0000E-01  5.0000E-01
  6.7500E+06  5.0000E+04  2.4105E+04  2.6862E+01  2.4131E+04  5.0000E+01  5.0000E-01  5.0000E-01  5.0000E-01
  6.8000E+06  5.0000E+04  2.4098E+04  2.7062E+01  2.4125E+04  5.0000E+01  5.0000E-01  5.0000E-01  5.0000E-01
  6.8500E+06  5.0000E+04  2.4091E+04  2.7262E+01  2.4119E+04  5.0000E+01  5.0000E-01  5.0000E-01  5.0000E-01
  6.9000E+06  5.0000E+04  2.4085E+04  2.7462E+01  2.4112E+04  5.0000E+01  5.0000E-01  5.0000E-01  5.0000E-01
  6.9500E+06  5.0000E+04  2.4078E+04  2.7662E+01  2.4106E+04  5.0000E+01  5.0000E-01  5.0000E-01  5.0000E-01
  7.0000E+06  5.0000E+04  2.4071E+04  2.7862E+01  2.4099E+04  5.0000E+01  5.0000E-01  5.0000E-01  5.0000E-01
  7.0500E+06  5.0000E+04  2.4065E+04  2.8062E+01  2.4093E+04  5.0000E+01  5.0000E-01  5.0000E-01  5.0000E-01
  7.1000E+06  5.0000E+04  2.4058E+04  2.8262E+01  2.4086E+04  5.0000E+01  5.0000E-01  5.0000E-01  5.0000E-01
  7.1500E+06  5.0000E+04  2.4051E+04  2.8462E+01  2.4080E+04  5.0000E+01  5.0000E-01  5.0000E-01  5.0000E-01
  7.2000E+06  5.0000E+04  2.4045E+04  2.8662E+01  2.4073E+04  5.0000E+01  5.0000E-01  5.0000E-01  5.0000E-01
  7.2500E+06  5.0000E+04  2.4038E+04  2.8861E+01  2.4067E+04  5.0000E+01  5.0000E-01  5.0000E-01  5.0000E-01
  7.3000E+06  5.0000E+04  2.4031E+04  2.9061E+01  2.4060E+04  5.0000E+01  5.0000E-01  5.0000E-01  5.0000E-01
  7.3500E+06  5.0000E+04  2.4025E+04  2.9261E+01  2.4054E+04  5.0000E+01  5.0000E-01  5.0000E-01  5.0000E-01
  7.4000E+06  5.0000E+04  2.4018E+04  2.9460E+01  2.4047E+04  5.0000E+01  5.0000E-01  5.0000E-01  5.0000E-01
  7.4500E+06  5.0000E+04  2.4011E+04  2.9660E+01  2.4041E+04  5.0000E+01  5.0000E-01  5.0000E-01  5.0000E-01
  7.5000E+06  5.0000E+04  2.4005E+04  2.9859E+01  2.4035E+04  5.0000E+01  5.0000E-01  5.0000E-01  5.0000E-01
  7.5500E+06  5.0000E+04  2.3998E+04  3.0059E+01  2.4028E+04  5.0000E+01  5.0000E-01  5.0000E-01  5.0000E-01
  7.6000E+06  5.0000E+04  2.3991E+04  3.0258E+01  2.4022E+04  5.0000E+01  5.0000E-01  5.0000E-01  5.0000E-01
  7.6500E+06  5.0000E+04  2.3985E+04  3.0458E+01  2.4015E+04  5.0000E+01  5.0000E-01  5.0000E-01  5.0000E-01
  7.7000E+06  5.0000E+04  2.3978E+04  3.0657E+01  2.4009E+04  5.0000E+01  5.0000E-01  5.0000E-01  5.0000E-01
  7.7500E+06  5.0000E+04  2.3971E+04  3.0857E+01  2.4002E+04  5.0000E+01  5.0000E-01  5.0000E-01  5.0000E-01
  7.8000E+06  5.0000E+04  2.3965E+04  3.1056E+01  2.3996E+04  5.0000E+01  5.0000E-01  5.0000E-01  5.0000E-01
  7.8500E+06  5.0000E+04  2.3958E+04  3.1255E+01  2.3989E+04  5.0000E+01  5.0000E-01  5.0000E-01  5.0000E-01
  7.9000E+06  5.0000E+04  2.3952E+04  3.1455E+01  2.3983E+04  5.0000E+01  5.0000E-01  5.0000E-01  5.0000E-01
  7.9500E+06  5.0000E+04  2.3945E+04  3.1654E+01  2.3977E+04  5.0000E+01  5.0000E-01  5.0000E-01  5.0000E-01
  8.0000E+06  5.0000E+04  2.3938E+04  3.1853E+01  2.3970E+04  5.0000E+01  5.0000E-01  5.0000E-01  5.0000E-01
  8.0500E+06  5.0000E+04  2.3932E+04  3.2052E+01  2.3964E+04  5.0000E+01  5.0000E-01  5.0000E-01  5.0000E-01
  8.1000E+06  5.0000E+04  2.3925E+04  3.2252E+01  2.3957E+04  5.0000E+01  5.0000E-01  5.0000E-01  5.0000E-01
  8.1500E+06  5.0000E+04  2.3918E+04  3.2451E+01  2.3951E+04  5.0000E+01  5.0000E-01  5.0000E-01  5.0000E-01
  8.2000E+06  5.0000E+04  2.3912E+04  3.2650E+01  2.3944E+04  5.0000E+01  5.0000E-01  5.0000E-01  5.0000E-01
  8.2500E+06  5.0000E+04  2.3905E+04  3.2849E+01  2.3938E+04  5.0000E+01  5.0000E-01  5.0000E-01  5.0000E-01
  8.3000E+06  5.0000E+04  2.3898E+04  3.3048E+01  2.3931E+04  5.0000E+01  5.0000E-01  5.0000E-01  5.0000E-01
  8.3500E+06  5.0000E+04  2.3892E+04  3.3247E+01  2.3925E+04  5.0000E+01  5.0000E-01  5.0000E-01  5.0000E-01
  8.4000E+06  5.0000E+04  2.3885E+04  3.3446E+01  2.3919E+04  5.0000E+01  5.0000E-01  5.0000E-01  5.0000E-01
  8.4500E+06  5.0000E+04  2.3879E+04  3.3645E+01  2.3912E+04  5.0000E+01  5.0000E-01  5.0000E-01  5.0000E-01
  8.5000E+06  5.0000E+04  2.3872E+04  3.3844E+01  2.3906E+04  5.0000E+01  5.0000E-01  5.0000E-01  5.0000E-01
  8.5500E+06  5.0000E+04  2.3865E+04  3.4043E+01  2.3899E+04  5.0000E+01  5.0000E-01  5.0000E-01  5.0000E-01
  8.6000E+06  5.0000E+04  2.3859E+04  3.4241E+01  2.3893E+04  5.0000E+01  5.0000E-01  5.0000E-01  5.0000E-01
  8.6500E+06  5.0000E+04  2.3852E+04  3.4440E+01  2.3886E+04  5.0000E+01  5.0000E-01  5.0000E-01  5.0000E-01
  8.7000E+06  5.0000E+04  2.3845E+04  3.4639E+01  2.3880E+04  5.0000E+01  5.0000E-01  5.0000E-01  5.0000E-01
  8.7500E+06  5.0000E+04  2.3839E+04  3.4838E+01  2.3874E+04  5.0000E+01  5.0000E-01  5.0000E-01  5.0000E-01
  8.8000E+06  5.0000E+04  2.3832E+04  3.5036E+01  2.3867E+04  5.0000E+01  5.0000E-01  5.0000E-01  5.0000E-01
  8.8500E+06  5.0000E+04  2.3826E+04  3.5235E+01  2.3861E+04  5.0000E+01  5.0000E-01  5.0000E-01  5.0000E-01
  8.9000E+06  5.0000E+04  2.3819E+04  3.5434E+01  2.3854E+04  5.0000E+01  5.0000E-01  5.0000E-01  5.0000E-01
  8.9500E+06  5.0000E+04  2.3812E+04  3.5632E+01  2.3848E+04  5.0000E+01  5.0000E-01  5.0000E-01  5.0000E-01
  9.0000E+06  5.0000E+04  2.3806E+04  3.5831E+01  2.3841E+04  5.0000E+01  5.0000E-01  5.0000E-01  5.0000E-01
  9.0500E+06  5.0000E+04  2.3799E+04  3.6029E+01  2.3835E+04  5.0000E+01  5.0000E-01  5.0000E-01  5.0000E-01
  9.1000E+06  5.0000E+04  2.3792E+04  3.6228E+01  2.3829E+04  5.0000E+01  5.0000E-01  5.0000E-01  5.0000E-01
  9.1500E+06  5.0000E+04  2.3786E+04  3.6426E+01  2.3822E+04  5.0000E+01  5.0000E-01  5.0000E-01  5.0000E-01
  9.2000E+06  5.0000E+04  2.3779E+04  3.6625E+01  2.3816E+04  5.0000E+01  5.0000E-01  5.0000E-01  5.0000E-01
  9.2500E+06  5.0000E+04  2.3773E+04  3.6823E+01  2.3809E+04  5.0000E+01  5.0000E-01  5.0000E-01  5.0000E-01
  9.3000E+06  5.0000E+04  2.3766E+04  3.7021E+01  2.3803E+04  5.0000E+01  5.0000E-01  5.0000E-01  5.0000E-01
  9.3500E+06  5.0000E+04  2.3759E+04  3.7220E+01  2.3797E+04  5.0000E+01  5.0000E-01  5.0000E-01  5.0000E-01
  9.4000E+06  5.0000E+04  2.3753E+04  3.7418E+01  2.3790E+04  5.0000E+01  5.0000E-01  5.0000E-01  5.0000E-01
  9.4500E+06  5.0000E+04  2.3746E+04  3.7616E+01  2.3784E+04  5.0000E+01  5.0000E-01  5.0000E-01  5.0000E-01
  9.5000E+06  5.0000E+04  2.3740E+04  3.7814E+01  2.3777E+04  5.0000E+01  5.0000E-01  5.0000E-01  5.0000E-01
  9.5500E+06  5.0000E+04  2.3733E+04  3.8013E+01  2.3771E+04  5.0000E+01  5.0000E-01  5.0000E-01  5.0000E-01
  9.6000E+06  5.0000E+04  2.3726E+04  3.8211E+01  2.3765E+04  5.0000E+01  5.0000E-01  5.0000E-01  5.0000E-01
  9.6500E+06  5.0000E+04  2.3720E+04  3.8409E+01  2.3758E+04  5.0000E+01  5.0000E-01  5.0000E-01  5.0000E-01
  9.7000E+06  5.0000E+04  2.3713E+04  3.8607E+01  2.3752E+04  5.0000E+01  5.0000E-01  5.0000E-01  5.0000E-01
  9.7500E+06  5.0000E+04  2.3707E+04  3.8805E+01  2.3745E+04  5.0000E+01  5.0000E-01  5.0000E-01  5.0000E-01
  9.8000E+06  5.0000E+04  2.3700E+04  3.9003E+01  2.3739E+04  5.0000E+01  5.0000E-01  5.0000E-01  5.0000E-01
  9.8500E+06  5.0000E+04  2.3693E+04  3.9201E+01  2.3733E+04  5.0000E+01  5.0000E-01  5.0000E-01  5.0000E-01
  9.9000E+06  5.0000E+04  2.3687E+04  3.9399E+01  2.3726E+04  5.0000E+01  5.0000E-01  5.0000E-01  5.0000E-01
  9.9500E+06  5.0000E+04  2.3680E+04  3.9597E+01  2.3720E+04  5.0000E+01  5.0000E-01  5.0000E-01  5.0000E-01
  1.0000E+07  5.0000E+04  2.3674E+04  3.9795E+01  2.3713E+04  5.0000E+01  5.0000E-01  5.0000E-01  5.0000E-01
  1.0050E+07  5.0000E+04  2.3667E+04  3.9993E+01  2.3707E+04  5.0000E+01  5.0000E-01  5.0000E-01  5.0000E-01
  1.0100E+07  5.0000E+04  2.3660E+04  4.0190E+01  2.3701E+04  5.0000E+01  5.0000E-01  5.0000E-01  5.0000E-01
  1.0150E+07  5.0000E+04  2.3654E+04  4.0388E+01  2.3694E+04  5.0000E+01  5.0000E-01  5.0000E-01  5.0000E-01
  1.0200E+07  5.0000E+04  2.3647E+04  4.0586E+01  2.3688E+04  5.0000E+01  5.0000E-01  5.0000E-01  5.0000E-01
  1.0250E+07  5.0000E+04  2.3641E+04  4.0784E+01  2.3681E+04  5.0000E+01  5.0000E-01  5.0000E-01  5.0000E-01
  1.0300E+07  5.0000E+04  2.3634E+04  4.0981E+01  2.3675E+04  5.0000E+01  5.0000E-01  5.0000E-01  5.0000E-01
  1.0350E+07  5.0000E+04  2.3627E+04  4.1179E+01  2.3669E+04  5.0000E+01  5.0000E-01  5.0000E-01  5.0000E-01
  1.0400E+07  5.0000E+04  2.3621E+04  4.1376E+01  2.3662E+04  5.0000E+01  5.0000E-01  5.0000E-01  5.0000E-01
  1.0450E+07  5.0000E+04  2.3614E+04  4.1574E+01  2.3656E+04  5.0000E+01  5.0000E-01  5.0000E-01  5.0000E-01
  1.0500E+07  5.0000E+04  2.3608E+04  4.1772E+01  2.3649E+04  5.0000E+01  5.0000E-01  5.0000E-01  5.0000E-01
  1.0550E+07  5.0000E+04  2.3601E+04  4.1969E+01  2.3643E+04  5.0000E+01  5.0000E-01  5.0000E-01  5.0000E-01
  1.0600E+07  5.0000E+04  2.3594E+04  4.2167E+01  2.3637E+04  5.0000E+01  5.0000E-01  5.0000E-01  5.0000E-01
  1.0650E+07  5.0000E+04  2.3588E+04  4.2364E+01  2.3630E+04  5.0000E+01  5.0000E-01  5.0000E-01  5.0000E-01
  1.0700E+07  5.0000E+04  2.3581E+04  4.2561E+01  2.3624E+04  5.0000E+01  5.0000E-01  5.0000E-01  5.0000E-01
  1.0750E+07  5.0000E+04  2.3575E+04  4.2759E+01  2.3617E+04  5.0000E+01  5.0000E-01  5.0000E-01  5.0000E-01
  1.0800E+07  5.0000E+04  2.3568E+04  4.2956E+01  2.3611E+04  5.0000E+01  5.0000E-01  5.0000E-01  5.0000E-01
  1.0850E+07  5.0000E+04  2.3562E+04  4.3153E+01  2.3605E+04  5.0000E+01  5.0000E-01  5.0000E-01  5.0000E-01
  1.0900E+07  5.0000E+04  2.3555E+04  4.3351E+01  2.3598E+04  5.0000E+01  5.0000E-01  5.0000E-01  5.0000E-01
  1.0950E+07  5.0000E+04  2.3548E+04  4.3548E+01  2.3592E+04  5.0000E+01  5.0000E-01  5.0000E-01  5.0000E-01
  1.1000E+07  5.0000E+04  2.3542E+04  4.3745E+01  2.3586E+04  5.0000E+01  5.0000E-01  5.0000E-01  5.0000E-01
  1.1050E+07  5.0000E+04  2.3535E+04  4.3942E+01  2.3579E+04  5.0000E+01  5.0000E-01  5.0000E-01  5.0000E-01
  1.1100E+07  5.0000E+04  2.3529E+04  4.4139E+01  2.3573E+04  5.0000E+01  5.0000E-01  5.0000E-01  5.0000E-01
  1.1150E+07  5.0000E+04  2.3522E+04  4.4337E+01  2.3566E+04  5.0000E+01  5.0000E-01  5.0000E-01  5.0000E-01
  1.1200E+07  5.0000E+04  2.3516E+04  4.4534E+01  2.3560E+04  5.0000E+01  5.0000E-01  5.0000E-01  5.0000E-01
  1.1250E+07  5.0000E+04  2.3509E+04  4.4731E+01  2.3554E+04  5.0000E+01  5.0000E-01  5.0000E-01  5.0000E-01
  1.1300E+07  5.0000E+04  2.3502E+04  4.4928E+01  2.3547E+04  5.0000E+01  5.0000E-01  5.0000E-01  5.0000E-01
  1.1350E+07  5.0000E+04  2.3496E+04  4.5125E+01  2.3541E+04  5.0000E+01  5.0000E-01  5.0000E-01  5.0000E-01
  1.1400E+07  5.0000E+04  2.3489E+04  4.5321E+01  2.3535E+04  5.0000E+01  5.0000E-01  5.0000E-01  5.0000E-01
  1.1450E+07  5.0000E+04  2.3483E+04  4.5518E+01  2.3528E+04  5.0000E+01  5.0000E-01  5.0000E-01  5.0000E-01
  1.1500E+07  5.0000E+04  2.3476E+04  4.5715E+01  2.3522E+04  5.0000E+01  5.0000E-01  5.0000E-01  5.0000E-01
  1.1550E+07  5.0000E+04  2.3470E+04  4.5912E+01  2.3516E+04  5.0000E+01  5.0000E-01  5.0000E-01  5.0000E-01
  1.1600E+07  5.0000E+04  2.3463E+04  4.6109E+01  2.3509E+04  5.0000E+01  5.0000E-01  5.0000E-01  5.0000E-01
  1.1650E+07  5.0000E+04  2.3456E+04  4.6306E+01  2.3503E+04  5.0000E+01  5.0000E-01  5.0000E-01  5.0000E-01
  1.1700E+07  5.0000E+04  2.3450E+04  4.6502E+01  2.3496E+04  5.0000E+01  5.0000E-01  5.0000E-01  5.0000E-01
  1.1750E+07  5.0000E+04  2.3443E+04  4.6699E+01  2.3490E+04  5.0000E+01  5.0000E-01  5.0000E-01  5.0000E-01
  1.1800E+07  5.0000E+04  2.3437E+04  4.6896E+01  2.3484E+04  5.0000E+01  5.0000E-01  5.0000E-01  5.0000E-01
  1.1850E+07  5.0000E+04  2.3430E+04  4.7092E+01  2.3477E+04  5.0000E+01  5.0000E-01  5.0000E-01  5.0000E-01
  1.1900E+07  5.0000E+04  2.3424E+04  4.7289E+01  2.3471E+04  5.0000E+01  5.0000E-01  5.0000E-01  5.0000E-01
  1.1950E+07  5.0000E+04  2.3417E+04  4.7485E+01  2.3465E+04  5.0000E+01  5.0000E-01  5.0000E-01  5.0000E-01
  1.2000E+07  5.0000E+04  2.3411E+04  4.7682E+01  2.3458E+04  5.0000E+01  5.0000E-01  5.0000E-01  5.0000E-01
  1.2050E+07  5.0000E+04  2.3404E+04  4.7878E+01  2.3452E+04  5.0000E+01  5.0000E-01  5.0000E-01  5.0000E-01
  1.2100E+07  5.0000E+04  2.3398E+04  4.8075E+01  2.3446E+04  5.0000E+01  5.0000E-01  5.0000E-01  5.0000E-01
  1.2150E+07  5.0000E+04  2.3391E+04  4.8271E+01  2.3439E+04  5.0000E+01  5.0000E-01  5.0000E-01  5.0000E-01
  1.2200E+07  5.0000E+04  2.3384E+04  4.8468E+01  2.3433E+04  5.0000E+01  5.0000E-01  5.0000E-01  5.0000E-01
  1.2250E+07  5.0000E+04  2.3378E+04  4.8664E+01  2.3427E+04  5.0000E+01  5.0000E-01  5.0000E-01  5.0000E-01
  1.2300E+07  5.0000E+04  2.3371E+04  4.8860E+01  2.3420E+04  5.0000E+01  5.0000E-01  5.0000E-01  5.0000E-01
  1.2350E+07  5.0000E+04  2.3365E+04  4.9057E+01  2.3414E+04  5.0000E+01  5.0000E-01  5.0000E-01  5.0000E-01
  1.2400E+07  5.0000E+04  2.3358E+04  4.9253E+01  2.3407E+04  5.0000E+01  5.0000E-01  5.0000E-01  5.0000E-01
  1.2450E+07  5.0000E+04  2.3352E+04  4.9449E+01  2.3401E+04  5.0000E+01  5.0000E-01  5.0000E-01  5.0000E-01
  1.2500E+07  5.0000E+04  2.3345E+04  4.9645E+01  2.3395E+04  5.0000E+01  5.0000E-01  5.0000E-01  5.0000E-01
  1.2550E+07  5.0000E+04  2.3339E+04  4.9842E+01  2.3388E+04  5.0000E+01  5.0000E-01  5.0000E-01  5.0000E-01
  1.2600E+07  5.0000E+04  2.3332E+04  5.0038E+01  2.3382E+04  5.0000E+01  5.0000E-01  5.0000E-01  5.0000E-01
  1.2650E+07  5.0000E+04  2.3326E+04  5.0234E+01  2.3376E+04  5.0000E+01  5.0000E-01  5.0000E-01  5.0000E-01
  1.2700E+07  5.0000E+04  2.3319E+04  5.0430E+01  2.3369E+04  5.0000E+01  5.0000E-01  5.0000E-01  5.0000E-01
  1.2750E+07  5.0000E+04  2.3312E+04  5.0626E+01  2.3363E+04  5.0000E+01  5.0000E-01  5.0000E-01  5.0000E-01
  1.2800E+07  5.0000E+04  2.3306E+04  5.0822E+01  2.3357E+04  5.0000E+01  5.0000E-01  5.0000E-01  5.0000E-01
  1.2850E+07  5.0000E+04  2.3299E+04  5.1018E+01  2.3350E+04  5.0000E+01  5.0000E-01  5.0000E-01  5.0000E-01
  1.2900E+07  5.0000E+04  2.3293E+04  5.1214E+01  2.3344E+04  5.0000E+01  5.0000E-01  5.0000E-01  5.0000E-01
  1.2950E+07  5.0000E+04  2.3286E+04  5.1410E+01  2.3338E+04  5.0000E+01  5.0000E-01  5.0000E-01  5.0000E-01
  1.3000E+07  5.0000E+04  2.3280E+04  5.1605E+01  2.3331E+04  5.0000E+01  5.0000E-01  5.0000E-01  5.0000E-01
  1.3050E+07  5.0000E+04  2.3273E+04  5.1801E+01  2.3325E+04  5.0000E+01  5.0000E-01  5.0000E-01  5.0000E-01
  1.3100E+07  5.0000E+04  2.3267E+04  5.1997E+01  2.3319E+04  5.0000E+01  5.0000E-01  5.0000E-01  5.0000E-01
  1.3150E+07  5.0000E+04  2.3260E+04  5.2193E+01  2.3312E+04  5.0000E+01  5.0000E-01  5.0000E-01  5.0000E-01
  1.3200E+07  5.0000E+04  2.3254E+04  5.2388E+01  2.3306E+04  5.0000E+01  5.0000E-01  5.0000E-01  5.0000E-01
  1.3250E+07  5.0000E+04  2.3247E+04  5.2584E+01  2.3300E+04  5.0000E+01  5.0000E-01  5.0000E-01  5.0000E-01
  1.3300E+07  5.0000E+04  2.3241E+04  5.2780E+01  2.3293E+04  5.0000E+01  5.0000E-01  5.0000E-01  5.0000E-01
  1.3350E+07  5.0000E+04  2.3234E+04  5.2975E+01  2.3287E+04  5.0000E+01  5.0000E-01  5.0000E-01  5.0000E-01
  1.3400E+07  5.0000E+04  2.3228E+04  5.3171E+01  2.3281E+04  5.0000E+01  5.0000E-01  5.0000E-01  5.0000E-01
  1.3450E+07  5.0000E+04  2.3221E+04  5.3366E+01  2.3274E+04  5.0000E+01  5.0000E-01  5.0000E-01  5.0000E-01
  1.3500E+07  5.0000E+04  2.3215E+04  5.3562E+01  2.3268E+04  5.0000E+01  5.0000E-01  5.0000E-01  5.0000E-01
  1.3550E+07  5.0000E+04  2.3208E+04  5.3757E+01  2.3262E+04  5.0000E+01  5.0000E-01  5.0000E-01  5.0000E-01
  1.3600E+07  5.0000E+04  2.3202E+04  5.3953E+01  2.3256E+04  5.0000E+01  5.0000E-01  5.0000E-01  5.0000E-01
  1.3650E+07  5.0000E+04  2.3195E+04  5.4148E+01  2.3249E+04  5.0000E+01  5.0000E-01  5.0000E-01  5.0000E-01
  1.3700E+07  5.0000E+04  2.3189E+04  5.4344E+01  2.3243E+04  5.0000E+01  5.0000E-01  5.0000E-01  5.0000E-01
  1.3750E+07  5.0000E+04  2.3182E+04  5.4539E+01  2.3237E+04  5.0000E+01  5.0000E-01  5.0000E-01  5.0000E-01
  1.3800E+07  5.0000E+04  2.3176E+04  5.4734E+01  2.3230E+04  5.0000E+01  5.0000E-01  5.0000E-01  5.0000E-01
  1.3850E+07  5.0000E+04  2.3169E+04  5.4930E+01  2.3224E+04  5.0000E+01  5.0000E-01  5.0000E-01  5.0000E-01
  1.3900E+07  5.0000E+04  2.3163E+04  5.5125E+01  2.3218E+04  5.0000E+01  5.0000E-01  5.0000E-01  5.0000E-01
  1.3950E+07  5.0000E+04  2.3156E+04  5.5320E+01  2.3211E+04  5.0000E+01  5.0000E-01  5.0000E-01  5.0000E-01
  1.4000E+07  5.0000E+04  2.3149E+04  5.5515E+01  2.3205E+04  5.0000E+01  5.0000E-01  5.0000E-01  5.0000E-01
  1.4050E+07  5.0000E+04  2.3143E+04  5.5710E+01  2.3199E+04  5.0000E+01  5.0000E-01  5.0000E-01  5.0000E-01
  1.4100E+07  5.0000E+04  2.3136E+04  5.5905E+01  2.3192E+04  5.0000E+01  5.0000E-01  5.0000E-01  5.0000E-01
  1.4150E+07  5.0000E+04  2.3130E+04  5.6100E+01  2.3186E+04  5.0000E+01  5.0000E-01  5.0000E-01  5.0000E-01
  1.4200E+07  5.0000E+04  2.3123E+04  5.6296E+01  2.3180E+04  5.0000E+01  5.0000E-01  5.0000E-01  5.0000E-01
  1.4250E+07  5.0000E+04  2.3117E+04  5.6491E+01  2.3173E+04  5.0000E+01  5.0000E-01  5.0000E-01  5.0000E-01
  1.4300E+07  5.0000E+04  2.3110E+04  5.6685E+01  2.3167E+04  5.0000E+01  5.0000E-01  5.0000E-01  5.0000E-01
  1.4350E+07  5.0000E+04  2.3104E+04  5.6880E+01  2.3161E+04  5.0000E+01  5.0000E-01  5.0000E-01  5.0000E-01
  1.4400E+07  5.0000E+04  2.3097E+04  5.7075E+01  2.3155E+04  5.0000E+01  5.0000E-01  5.0000E-01  5.0000E-01
  1.4450E+07  5.0000E+04  2.3091E+04  5.7270E+01  2.3148E+04  5.0000E+01  5.0000E-01  5.0000E-01  5.0000E-01
  1.4500E+07  5.0000E+04  2.3084E+04  5.7465E+01  2.3142E+04  5.0000E+01  5.0000E-01  5.0000E-01  5.0000E-01
  1.4550E+07  5.0000E+04  2.3078E+04  5.7660E+01  2.3136E+04  5.0000E+01  5.0000E-01  5.0000E-01  5.0000E-01
  1.4600E+07  5.0000E+04  2.3072E+04  5.7855E+01  2.3129E+04  5.0000E+01  5.0000E-01  5.0000E-01  5.0000E-01
  1.4650E+07  5.0000E+04  2.3065E+04  5.8049E+01  2.3123E+04  5.0000E+01  5.0000E-01  5.0000E-01  5.0000E-01
  1.4700E+07  5.0000E+04  2.3059E+04  5.8244E+01  2.3117E+04  5.0000E+01  5.0000E-01  5.0000E-01  5.0000E-01
  1.4750E+07  5.0000E+04  2.3052E+04  5.8439E+01  2.3110E+04  5.0000E+01  5.0000E-01  5.0000E-01  5.0000E-01
  1.4800E+07  5.0000E+04  2.3046E+04  5.8633E+01  2.3104E+04  5.0000E+01  5.0000E-01  5.0000E-01  5.0000E-01
  1.4850E+07  5.0000E+04  2.3039E+04  5.8828E+01  2.3098E+04  5.0000E+01  5.0000E-01  5.0000E-01  5.0000E-01
  1.4900E+07  5.0000E+04  2.3033E+04  5.9022E+01  2.3092E+04  5.0000E+01  5.0000E-01  5.0000E-01  5.0000E-01
  1.4950E+07  5.0000E+04  2.3026E+04  5.9217E+01  2.3085E+04  5.0000E+01  5.0000E-01  5.0000E-01  5.0000E-01
  1.5000E+07  5.0000E+04  2.3020E+04  5.9411E+01  2.3079E+04  5.0000E+01  5.0000E-01  5.0000E-01  5.0000E-01
  1.5050E+07  5.0000E+04  2.3013E+04  5.9606E+01  2.3073E+04  5.0000E+01  5.0000E-01  5.0000E-01  5.0000E-01
  1.5100E+07  5.0000E+04  2.3007E+04  5.9800E+01  2.3066E+04  5.0000E+01  5.0000E-01  5.0000E-01  5.0000E-01
  1.5150E+07  5.0000E+04  2.3000E+04  5.9995E+01  2.3060E+04  5.0000E+01  5.0000E-01  5.0000E-01  5.0000E-01
  1.5200E+07  5.0000E+04  2.2994E+04  6.0189E+01  2.3054E+04  5.0000E+01  5.0000E-01  5.0000E-01  5.0000E-01
  1.5250E+07  5.0000E+04  2.2987E+04  6.0383E+01  2.3048E+04  5.0000E+01  5.0000E-01  5.0000E-01  5.0000E-01
  1.5300E+07  5.0000E+04  2.2981E+04  6.0578E+01  2.3041E+04  5.0000E+01  5.0000E-01  5.0000E-01  5.0000E-01
  1.5350E+07  5.0000E+04  2.2974E+04  6.0772E+01  2.3035E+04  5.0000E+01  5.0000E-01  5.0000E-01  5.0000E-01
  1.5400E+07  5.0000E+04  2.2968E+04  6.0966E+01  2.3029E+04  5.0000E+01  5.0000E-01  5.0000E-01  5.0000E-01
  1.5450E+07  5.0000E+04  2.2961E+04  6.1160E+01  2.3022E+04  5.0000E+01  5.0000E-01  5.0000E-01  5.0000E-01
  1.5500E+07  5.0000E+04  2.2955E+04  6.1355E+01  2.3016E+04  5.0000E+01  5.0000E-01  5.0000E-01  5.0000E-01
  1.5550E+07  5.0000E+04  2.2948E+04  6.1549E+01  2.3010E+04  5.0000E+01  5.0000E-01  5.0000E-01  5.0000E-01
  1.5600E+07  5.0000E+04  2.2942E+04  6.1743E+01  2.3004E+04  5.0000E+01  5.0000E-01  5.0000E-01  5.0000E-01
  1.5650E+07  5.0000E+04  2.2935E+04  6.1937E+01  2.2997E+04  5.0000E+01  5.0000E-01  5.0000E-01  5.0000E-01
  1.5700E+07  5.0000E+04  2.2929E+04  6.2131E+01  2.2991E+04  5.0000E+01  5.0000E-01  5.0000E-01  5.0000E-01
  1.5750E+07  5.0000E+04  2.2923E+04  6.2325E+01  2.2985E+04  5.0000E+01  5.0000E-01  5.0000E-01  5.0000E-01
  1.5800E+07  5.0000E+04  2.2916E+04  6.2519E+01  2.2979E+04  5.0000E+01  5.0000E-01  5.0000E-01  5.0000E-01
  1.5850E+07  5.0000E+04  2.2910E+04  6.2713E+01  2.2972E+04  5.0000E+01  5.0000E-01  5.0000E-01  5.0000E-01
  1.5900E+07  5.0000E+04  2.2903E+04  6.2907E+01  2.2966E+04  5.0000E+01  5.0000E-01  5.0000E-01  5.0000E-01
  1.5950E+07  5.0000E+04  2.2897E+04  6.3100E+01  2.2960E+04  5.0000E+01  5.0000E-01  5.0000E-01  5.0000E-01
  1.6000E+07  5.0000E+04  2.2890E+04  6.3294E+01  2.2953E+04  5.0000E+01  5.0000E-01  5.0000E-01  5.0000E-01
  1.6050E+07  5.0000E+04  2.2884E+04  6.3488E+01  2.2947E+04  5.0000E+01  5.0000E-01  5.0000E-01  5.0000E-01
  1.6100E+07  5.0000E+04  2.2877E+04  6.3682E+01  2.2941E+04  5.0000E+01  5.0000E-01  5.0000E-01  5.0000E-01
  1.6150E+07  5.0000E+04  2.2871E+04  6.3875E+01  2.2935E+04  5.0000E+01  5.0000E-01  5.0000E-01  5.0000E-01
  1.6200E+07  5.0000E+04  2.2864E+04  6.4069E+01  2.2928E+04  5.0000E+01  5.0000E-01  5.0000E-01  5.0000E-01
  1.6250E+07  5.0000E+04  2.2858E+04  6.4263E+01  2.2922E+04  5.0000E+01  5.0000E-01  5.0000E-01  5.0000E-01
  1.6300E+07  5.0000E+04  2.2851E+04  6.4456E+01  2.2916E+04  5.0000E+01  5.0000E-01  5.0000E-01  5.0000E-01
  1.6350E+07  5.0000E+04  2.2845E+04  6.4650E+01  2.2910E+04  5.0000E+01  5.0000E-01  5.0000E-01  5.0000E-01
  1.6400E+07  5.0000E+04  2.2839E+04  6.4844E+01  2.2903E+04  5.0000E+01  5.0000E-01  5.0000E-01  5.0000E-01
  1.6450E+07  5.0000E+04  2.2832E+04  6.5037E+01  2.2897E+04  5.0000E+01  5.0000E-01  5.0000E-01  5.0000E-01
  1.6500E+07  5.0000E+04  2.2826E+04  6.5231E+01  2.2891E+04  5.0000E+01  5.0000E-01  5.0000E-01  5.0000E-01
  1.6550E+07  5.0000E+04  2.2819E+04  6.5424E+01  2.2885E+04  5.0000E+01  5.0000E-01  5.0000E-01  5.0000E-01
  1.6600E+07  5.0000E+04  2.2813E+04  6.5617E+01  2.2878E+04  5.0000E+01  5.0000E-01  5.0000E-01  5.0000E-01
  1.6650E+07  5.0000E+04  2.2806E+04  6.5811E+01  2.2872E+04  5.0000E+01  5.0000E-01  5.0000E-01  5.0000E-01
  1.6700E+07  5.0000E+04  2.2800E+04  6.6004E+01  2.2866E+04  5.0000E+01  5.0000E-01  5.0000E-01  5.0000E-01
  1.6750E+07  5.0000E+04  2.2793E+04  6.6197E+01  2.2860E+04  5.0000E+01  5.0000E-01  5.0000E-01  5.0000E-01
  1.6800E+07  5.0000E+04  2.2787E+04  6.6391E+01  2.2853E+04  5.0000E+01  5.0000E-01  5.0000E-01  5.0000E-01
  1.6850E+07  5.0000E+04  2.2781E+04  6.6584E+01  2.2847E+04  5.0000E+01  5.0000E-01  5.0000E-01  5.0000E-01
  1.6900E+07  5.0000E+04  2.2774E+04  6.6777E+01  2.2841E+04  5.0000E+01  5.0000E-01  5.0000E-01  5.0000E-01
  1.6950E+07  5.0000E+04  2.2768E+04  6.6970E+01  2.2835E+04  5.0000E+01  5.0000E-01  5.0000E-01  5.0000E-01
  1.7000E+07  5.0000E+04  2.2761E+04  6.7163E+01  2.2828E+04  5.0000E+01  5.0000E-01  5.0000E-01  5.0000E-01
  1.7050E+07  5.0000E+04  2.2755E+04  6.7357E+01  2.2822E+04  5.0000E+01  5.0000E-01  5.0000E-01  5.0000E-01
  1.7100E+07  5.0000E+04  2.2748E+04  6.7550E+01  2.2816E+04  5.0000E+01  5.0000E-01  5.0000E-01  5.0000E-01
  1.7150E+07  5.0000E+04  2.2742E+04  6.7743E+01  2.2810E+04  5.0000E+01  5.0000E-01  5.0000E-01  5.0000E-01
  1.7200E+07  5.0000E+04  2.2735E+04  6.7936E+01  2.2803E+04  5.0000E+01  5.0000E-01  5.0000E-01  5.0000E-01
  1.7250E+07  5.0000E+04  2.2729E+04  6.8129E+01  2.2797E+04  5.0000E+01  5.0000E-01  5.0000E-01  5.0000E-01
  1.7300E+07  5.0000E+04  2.2723E+04  6.8322E+01  2.2791E+04  5.0000E+01  5.0000E-01  5.0000E-01  5.0000E-01
  1.7350E+07  5.0000E+04  2.2716E+04  6.8515E+01  2.2785E+04  5.0000E+01  5.0000E-01  5.0000E-01  5.0000E-01
  1.7400E+07  5.0000E+04  2.2710E+04  6.8707E+01  2.2778E+04  5.0000E+01  5.0000E-01  5.0000E-01  5.0000E-01
  1.7450E+07  5.0000E+04  2.2703E+04  6.8900E+01  2.2772E+04  5.0000E+01  5.0000E-01  5.0000E-01  5.0000E-01
  1.7500E+07  5.0000E+04  2.2697E+04  6.9093E+01  2.2766E+04  5.0000E+01  5.0000E-01  5.0000E-01  5.0000E-01
  1.7550E+07  5.0000E+04  2.2690E+04  6.9286E+01  2.2760E+04  5.0000E+01  5.0000E-01  5.0000E-01  5.0000E-01
  1.7600E+07  5.0000E+04  2.2684E+04  6.9479E+01  2.2754E+04  5.0000E+01  5.0000E-01  5.0000E-01  5.0000E-01
  1.7650E+07  5.0000E+04  2.2678E+04  6.9671E+01  2.2747E+04  5.0000E+01  5.0000E-01  5.0000E-01  5.0000E-01
  1.7700E+07  5.0000E+04  2.2671E+04  6.9864E+01  2.2741E+04  5.0000E+01  5.0000E-01  5.0000E-01  5.0000E-01
  1.7750E+07  5.0000E+04  2.2665E+04  7.0057E+01  2.2735E+04  5.0000E+01  5.0000E-01  5.0000E-01  5.0000E-01
  1.7800E+07  5.0000E+04  2.2658E+04  7.0249E+01  2.2729E+04  5.0000E+01  5.0000E-01  5.0000E-01  5.0000E-01
  1.7850E+07  5.0000E+04  2.2652E+04  7.0442E+01  2.2722E+04  5.0000E+01  5.0000E-01  5.0000E-01  5.0000E-01
  1.7900E+07  5.0000E+04  2.2646E+04  7.0634E+01  2.2716E+04  5.0000E+01  5.0000E-01  5.0000E-01  5.0000E-01
  1.7950E+07  5.0000E+04  2.2639E+04  7.0827E+01  2.2710E+04  5.0000E+01  5.0000E-01  5.0000E-01  5.0000E-01
  1.8000E+07  5.0000E+04  2.2633E+04  7.1019E+01  2.2704E+04  5.0000E+01  5.0000E-01  5.0000E-01  5.0000E-01
  1.8050E+07  5.0000E+04  2.2626E+04  7.1212E+01  2.2697E+04  5.0000E+01  5.0000E-01  5.0000E-01  5.0000E-01
  1.8100E+07  5.0000E+04  2.2620E+04  7.1404E+01  2.2691E+04  5.0000E+01  5.0000E-01  5.0000E-01  5.0000E-01
  1.8150E+07  5.0000E+04  2.2613E+04  7.1596E+01  2.2685E+04  5.0000E+01  5.0000E-01  5.0000E-01  5.0000E-01
  1.8200E+07  5.0000E+04  2.2607E+04  7.1789E+01  2.2679E+04  5.0000E+01  5.0000E-01  5.0000E-01  5.0000E-01
  1.8250E+07  5.0000E+04  2.2601E+04  7.1981E+01  2.2673E+04  5.0000E+01  5.0000E-01  5.0000E-01  5.0000E-01
  1.8300E+07  5.0000E+04  2.2594E+04  7.2173E+01  2.2666E+04  5.0000E+01  5.0000E-01  5.0000E-01  5.0000E-01
  1.8350E+07  5.0000E+04  2.2588E+04  7.2365E+01  2.2660E+04  5.0000E+01  5.0000E-01  5.0000E-01  5.0000E-01
  1.8400E+07  5.0000E+04  2.2581E+04  7.2558E+01  2.2654E+04  5.0000E+01  5.0000E-01  5.0000E-01  5.0000E-01
  1.8450E+07  5.0000E+04  2.2575E+04  7.2750E+01  2.2648E+04  5.0000E+01  5.0000E-01  5.0000E-01  5.0000E-01
  1.8500E+07  5.0000E+04  2.2569E+04  7.2942E+01  2.2642E+04  5.0000E+01  5.0000E-01  5.0000E-01  5.0000E-01
  1.8550E+07  5.0000E+04  2.2562E+04  7.3134E+01  2.2635E+04  5.0000E+01  5.0000E-01  5.0000E-01  5.0000E-01
  1.8600E+07  5.0000E+04  2.2556E+04  7.3326E+01  2.2629E+04  5.0000E+01  5.0000E-01  5.0000E-01  5.0000E-01
  1.8650E+07  5.0000E+04  2.2549E+04  7.3518E+01  2.2623E+04  5.0000E+01  5.0000E-01  5.0000E-01  5.0000E-01
  1.8700E+07  5.0000E+04  2.2543E+04  7.3710E+01  2.2617E+04  5.0000E+01  5.0000E-01  5.0000E-01  5.0000E-01
  1.8750E+07  5.0000E+04  2.2537E+04  7.3902E+01  2.2610E+04  5.0000E+01  5.0000E-01  5.0000E-01  5.0000E-01
  1.8800E+07  5.0000E+04  2.2530E+04  7.4094E+01  2.2604E+04  5.0000E+01  5.0000E-01  5.0000E-01  5.0000E-01
  1.8850E+07  5.0000E+04  2.2524E+04  7.4286E+01  2.2598E+04  5.0000E+01  5.0000E-01  5.0000E-01  5.0000E-01
  1.8900E+07  5.0000E+04  2.2517E+04  7.4478E+01  2.2592E+04  5.0000E+01  5.0000E-01  5.0000E-01  5.0000E-01
  1.8950E+07  5.0000E+04  2.2511E+04  7.4670E+01  2.2586E+04  5.0000E+01  5.0000E-01  5.0000E-01  5.0000E-01
  1.9000E+07  5.0000E+04  2.2505E+04  7.4861E+01  2.2579E+04  5.0000E+01  5.0000E-01  5.0000E-01  5.0000E-01
  1.9050E+07  5.0000E+04  2.2498E+04  7.5053E+01  2.2573E+04  5.0000E+01  5.0000E-01  5.0000E-01  5.0000E-01
  1.9100E+07  5.0000E+04  2.2492E+04  7.5245E+01  2.2567E+04  5.0000E+01  5.0000E-01  5.0000E-01  5.0000E-01
  1.9150E+07  5.0000E+04  2.2485E+04  7.5437E+01  2.2561E+04  5.0000E+01  5.0000E-01  5.0000E-01  5.0000E-01
  1.9200E+07  5.0000E+04  2.2479E+04  7.5628E+01  2.2555E+04  5.0000E+01  5.0000E-01  5.0000E-01  5.0000E-01
  1.9250E+07  5.0000E+04  2.2473E+04  7.5820E+01  2.2548E+04  5.0000E+01  5.0000E-01  5.0000E-01  5.0000E-01
  1.9300E+07  5.0000E+04  2.2466E+04  7.6011E+01  2.2542E+04  5.0000E+01  5.0000E-01  5.0000E-01  5.0000E-01
  1.9350E+07  5.0000E+04  2.2460E+04  7.6203E+01  2.2536E+04  5.0000E+01  5.0000E-01  5.0000E-01  5.0000E-01
  1.9400E+07  5.0000E+04  2.2454E+04  7.6394E+01  2.2530E+04  5.0000E+01  5.0000E-01  5.0000E-01  5.0000E-01
  1.9450E+07  5.0000E+04  2.2447E+04  7.6586E+01  2.2524E+04  5.0000E+01  5.0000E-01  5.0000E-01  5.0000E-01
  1.9500E+07  5.0000E+04  2.2441E+04  7.6777E+01  2.2518E+04  5.0000E+01  5.0000E-01  5.0000E-01  5.0000E-01
  1.9550E+07  5.0000E+04  2.2434E+04  7.6969E+01  2.2511E+04  5.0000E+01  5.0000E-01  5.0000E-01  5.0000E-01
  1.9600E+07  5.0000E+04  2.2428E+04  7.7160E+01  2.2505E+04  5.0000E+01  5.0000E-01  5.0000E-01  5.0000E-01
  1.9650E+07  5.0000E+04  2.2422E+04  7.7352E+01  2.2499E+04  5.0000E+01  5.0000E-01  5.0000E-01  5.0000E-01
  1.9700E+07  5.0000E+04  2.2415E+04  7.7543E+01  2.2493E+04  5.0000E+01  5.0000E-01  5.0000E-01  5.0000E-01
  1.9750E+07  5.0000E+04  2.2409E+04  7.7734E+01  2.2487E+04  5.0000E+01  5.0000E-01  5.0000E-01  5.0000E-01
  1.9800E+07  5.0000E+04  2.2402E+04  7.7925E+01  2.2480E+04  5.0000E+01  5.0000E-01  5.0000E-01  5.0000E-01
  1.9850E+07  5.0000E+04  2.2396E+04  7.8117E+01  2.2474E+04  5.0000E+01  5.0000E-01  5.0000E-01  5.0000E-01
  1.9900E+07  5.0000E+04  2.2390E+04  7.8308E+01  2.2468E+04  5.0000E+01  5.0000E-01  5.0000E-01  5.0000E-01
  1.9950E+07  5.0000E+04  2.2383E+04  7.8499E+01  2.2462E+04  5.0000E+01  5.0000E-01  5.0000E-01  5.0000E-01
  2.0000E+07  5.0000E+04  2.2377E+04  7.8690E+01  2.2456E+04  5.0000E+01  5.0000E-01  5.0000E-01  5.0000E-01
