 # time   dt   totl   totg   tot n2p
  0.0000E+00  1.0000E+02  1.2500E+04  7.5000E-06  1.2500E+04  5.0000E+01  1.2500E-07  5.0000E-01  5.0000E-01
  1.0000E+02  1.0000E+02  1.2500E+04  1.3965E-04  1.2500E+04  5.0000E+01  5.0000E-01  5.0000E-01  5.0000E-01
  1.2500E+02  2.5000E+01  1.2500E+04  1.7269E-04  1.2500E+04  5.0000E+01  5.0000E-01  5.0000E-01  5.0000E-01
  1.5625E+02  3.1250E+01  1.2500E+04  2.1399E-04  1.2500E+04  5.0000E+01  5.0000E-01  5.0000E-01  5.0000E-01
  1.9531E+02  3.9063E+01  1.2500E+04  2.6561E-04  1.2500E+04  5.0000E+01  5.0000E-01  5.0000E-01  5.0000E-01
  2.4414E+02  4.8828E+01  1.2500E+04  3.3015E-04  1.2500E+04  5.0000E+01  5.0000E-01  5.0000E-01  5.0000E-01
  3.0518E+02  6.1035E+01  1.2500E+04  4.1083E-04  1.2500E+04  5.0000E+01  5.0000E-01  5.0000E-01  5.0000E-01
  3.8147E+02  7.6294E+01  1.2500E+04  5.1169E-04  1.2500E+04  5.0000E+01  5.0000E-01  5.0000E-01  5.0000E-01
  4.7684E+02  9.5367E+01  1.2500E+04  6.3778E-04  1.2500E+04  5.0000E+01  5.0000E-01  5.0000E-01  5.0000E-01
  5.9605E+02  1.1921E+02  1.2500E+04  7.9542E-04  1.2500E+04  5.0000E+01  5.0000E-01  5.0000E-01  5.0000E-01
  7.4506E+02  1.4901E+02  1.2500E+04  9.9251E-04  1.2500E+04  5.0000E+01  5.0000E-01  5.0000E-01  5.0000E-01
  9.3132E+02  1.8626E+02  1.2500E+04  1.2389E-03  1.2500E+04  5.0000E+01  5.0000E-01  5.0000E-01  5.0000E-01
  1.1642E+03  2.3283E+02  1.2500E+04  1.5470E-03  1.2500E+04  5.0000E+01  5.0000E-01  5.0000E-01  5.0000E-01
  1.4552E+03  2.9104E+02  1.2500E+04  1.9323E-03  1.2500E+04  5.0000E+01  5.0000E-01  5.0000E-01  5.0000E-01
  1.8190E+03  3.6380E+02  1.2500E+04  2.4141E-03  1.2500E+04  5.0000E+01  5.0000E-01  5.0000E-01  5.0000E-01
  2.2737E+03  4.5475E+02  1.2500E+04  3.0167E-03  1.2500E+04  5.0000E+01  5.0000E-01  5.0000E-01  5.0000E-01
  2.8422E+03  5.6843E+02  1.2500E+04  3.7704E-03  1.2500E+04  5.0000E+01  5.0000E-01  5.0000E-01  5.0000E-01
  3.5527E+03  7.1054E+02  1.2500E+04  4.7132E-03  1.2500E+04  5.0000E+01  5.0000E-01  5.0000E-01  5.0000E-01
  4.4409E+03  8.8818E+02  1.2500E+04  5.8928E-03  1.2500E+04  5.0000E+01  5.0000E-01  5.0000E-01  5.0000E-01
  5.5511E+03  1.1102E+03  1.2500E+04  7.3689E-03  1.2500E+04  5.0000E+01  5.0000E-01  5.0000E-01  5.0000E-01
  6.9389E+03  1.3878E+03  1.2500E+04  9.2164E-03  1.2500E+04  5.0000E+01  5.0000E-01  5.0000E-01  5.0000E-01
  8.6736E+03  1.7347E+03  1.2500E+04  1.1529E-02  1.2500E+04  5.0000E+01  5.0000E-01  5.0000E-01  5.0000E-01
  1.0000E+04  1.3264E+03  1.2500E+04  1.3300E-02  1.2500E+04  5.0000E+01  5.0000E-01  5.0000E-01  5.0000E-01
  1.2500E+04  2.5000E+03  1.2499E+04  1.6644E-02  1.2500E+04  5.0000E+01  5.0000E-01  5.0000E-01  5.0000E-01
  1.5625E+04  3.1250E+03  1.2499E+04  2.0834E-02  1.2499E+04  5.0000E+01  5.0000E-01  5.0000E-01  5.0000E-01
  1.9531E+04  3.9063E+03  1.2499E+04  2.6087E-02  1.2499E+04  5.0000E+01  5.0000E-01  5.0000E-01  5.0000E-01
  2.4414E+04  4.8828E+03  1.2499E+04  3.2677E-02  1.2499E+04  5.0000E+01  5.0000E-01  5.0000E-01  5.0000E-01
  3.0518E+04  6.1035E+03  1.2499E+04  4.0951E-02  1.2499E+04  5.0000E+01  5.0000E-01  5.0000E-01  5.0000E-01
  3.8147E+04  7.6294E+03  1.2498E+04  5.1347E-02  1.2498E+04  5.0000E+01  5.0000E-01  5.0000E-01  5.0000E-01
  4.7684E+04  9.5367E+03  1.2498E+04  6.4426E-02  1.2498E+04  5.0000E+01  5.0000E-01  5.0000E-01  5.0000E-01
  5.9605E+04  1.1921E+04  1.2498E+04  8.0905E-02  1.2498E+04  5.0000E+01  5.0000E-01  5.0000E-01  5.0000E-01
  7.4506E+04  1.4901E+04  1.2497E+04  1.0171E-01  1.2497E+04  5.0000E+01  5.0000E-01  5.0000E-01  5.0000E-01
  9.3132E+04  1.8626E+04  1.2496E+04  1.2803E-01  1.2496E+04  5.0000E+01  5.0000E-01  5.0000E-01  5.0000E-01
  1.0000E+05  6.8677E+03  1.2496E+04  1.3778E-01  1.2496E+04  5.0000E+01  5.0000E-01  5.0000E-01  5.0000E-01
  1.1374E+05  1.3735E+04  1.2495E+04  1.5746E-01  1.2495E+04  5.0000E+01  5.0000E-01  5.0000E-01  5.0000E-01
  1.4121E+05  2.7471E+04  1.2494E+04  1.9754E-01  1.2494E+04  5.0000E+01  5.0000E-01  5.0000E-01  5.0000E-01
  1.7651E+05  3.5302E+04  1.2492E+04  2.5034E-01  1.2493E+04  5.0000E+01  5.0000E-01  5.0000E-01  5.0000E-01
  2.0000E+05  2.3492E+04  1.2491E+04  2.8606E-01  1.2492E+04  5.0000E+01  5.0000E-01  5.0000E-01  5.0000E-01
  2.4698E+05  4.6984E+04  1.2489E+04  3.6004E-01  1.2489E+04  5.0000E+01  5.0000E-01  5.0000E-01  5.0000E-01
  2.9698E+05  5.0000E+04  1.2487E+04  4.4183E-01  1.2487E+04  5.0000E+01  5.0000E-01  5.0000E-01  5.0000E-01
  3.4698E+05  5.0000E+04  1.2484E+04  5.2669E-01  1.2485E+04  5.0000E+01  5.0000E-01  5.0000E-01  5.0000E-01
  3.9698E+05  5.0000E+04  1.2481E+04  6.1448E-01  1.2482E+04  5.0000E+01  5.0000E-01  5.0000E-01  5.0000E-01
  4.4698E+05  5.0000E+04  1.2479E+04  7.0486E-01  1.2479E+04  5.0000E+01  5.0000E-01  5.0000E-01  5.0000E-01
  4.9698E+05  5.0000E+04  1.2476E+04  7.9742E-01  1.2477E+04  5.0000E+01  5.0000E-01  5.0000E-01  5.0000E-01
  5.0000E+05  3.0161E+03  1.2476E+04  8.0301E-01  1.2476E+04  5.0000E+01  5.0000E-01  5.0000E-01  5.0000E-01
  5.0603E+05  6.0323E+03  1.2475E+04  8.1422E-01  1.2476E+04  5.0000E+01  5.0000E-01  5.0000E-01  5.0000E-01
  5.1810E+05  1.2065E+04  1.2475E+04  8.3675E-01  1.2475E+04  5.0000E+01  5.0000E-01  5.0000E-01  5.0000E-01
  5.4223E+05  2.4129E+04  1.2473E+04  8.8223E-01  1.2474E+04  5.0000E+01  5.0000E-01  5.0000E-01  5.0000E-01
  5.9048E+05  4.8258E+04  1.2470E+04  9.7446E-01  1.2471E+04  5.0000E+01  5.0000E-01  5.0000E-01  5.0000E-01
  6.4048E+05  5.0000E+04  1.2468E+04  1.0710E+00  1.2469E+04  5.0000E+01  5.0000E-01  5.0000E-01  5.0000E-01
  6.9048E+05  5.0000E+04  1.2465E+04  1.1684E+00  1.2466E+04  5.0000E+01  5.0000E-01  5.0000E-01  5.0000E-01
  7.4048E+05  5.0000E+04  1.2462E+04  1.2663E+00  1.2463E+04  5.0000E+01  5.0000E-01  5.0000E-01  5.0000E-01
  7.9048E+05  5.0000E+04  1.2459E+04  1.3646E+00  1.2460E+04  5.0000E+01  5.0000E-01  5.0000E-01  5.0000E-01
  8.4048E+05  5.0000E+04  1.2456E+04  1.4632E+00  1.2457E+04  5.0000E+01  5.0000E-01  5.0000E-01  5.0000E-01
  8.9048E+05  5.0000E+04  1.2453E+04  1.5621E+00  1.2454E+04  5.0000E+01  5.0000E-01  5.0000E-01  5.0000E-01
  9.4048E+05  5.0000E+04  1.2450E+04  1.6611E+00  1.2451E+04  5.0000E+01  5.0000E-01  5.0000E-01  5.0000E-01
  9.9048E+05  5.0000E+04  1.2447E+04  1.7603E+00  1.2448E+04  5.0000E+01  5.0000E-01  5.0000E-01  5.0000E-01
  1.0405E+06  5.0000E+04  1.2444E+04  1.8595E+00  1.2446E+04  5.0000E+01  5.0000E-01  5.0000E-01  5.0000E-01
  1.0905E+06  5.0000E+04  1.2441E+04  1.9588E+00  1.2443E+04  5.0000E+01  5.0000E-01  5.0000E-01  5.0000E-01
  1.1405E+06  5.0000E+04  1.2438E+04  2.0582E+00  1.2440E+04  5.0000E+01  5.0000E-01  5.0000E-01  5.0000E-01
  1.1905E+06  5.0000E+04  1.2435E+04  2.1576E+00  1.2437E+04  5.0000E+01  5.0000E-01  5.0000E-01  5.0000E-01
  1.2405E+06  5.0000E+04  1.2432E+04  2.2570E+00  1.2434E+04  5.0000E+01  5.0000E-01  5.0000E-01  5.0000E-01
  1.2905E+06  5.0000E+04  1.2429E+04  2.3565E+00  1.2431E+04  5.0000E+01  5.0000E-01  5.0000E-01  5.0000E-01
  1.3405E+06  5.0000E+04  1.2426E+04  2.4559E+00  1.2428E+04  5.0000E+01  5.0000E-01  5.0000E-01  5.0000E-01
  1.3905E+06  5.0000E+04  1.2423E+04  2.5554E+00  1.2425E+04  5.0000E+01  5.0000E-01  5.0000E-01  5.0000E-01
  1.4405E+06  5.0000E+04  1.2420E+04  2.6549E+00  1.2422E+04  5.0000E+01  5.0000E-01  5.0000E-01  5.0000E-01
  1.4905E+06  5.0000E+04  1.2417E+04  2.7543E+00  1.2419E+04  5.0000E+01  5.0000E-01  5.0000E-01  5.0000E-01
  1.5405E+06  5.0000E+04  1.2414E+04  2.8538E+00  1.2416E+04  5.0000E+01  5.0000E-01  5.0000E-01  5.0000E-01
  1.5905E+06  5.0000E+04  1.2411E+04  2.9533E+00  1.2413E+04  5.0000E+01  5.0000E-01  5.0000E-01  5.0000E-01
  1.6405E+06  5.0000E+04  1.2408E+04  3.0528E+00  1.2411E+04  5.0000E+01  5.0000E-01  5.0000E-01  5.0000E-01
  1.6905E+06  5.0000E+04  1.2404E+04  3.1522E+00  1.2408E+04  5.0000E+01  5.0000E-01  5.0000E-01  5.0000E-01
  1.7405E+06  5.0000E+04  1.2401E+04  3.2517E+00  1.2405E+04  5.0000E+01  5.0000E-01  5.0000E-01  5.0000E-01
  1.7905E+06  5.0000E+04  1.2398E+04  3.3511E+00  1.2402E+04  5.0000E+01  5.0000E-01  5.0000E-01  5.0000E-01
  1.8405E+06  5.0000E+04  1.2395E+04  3.4505E+00  1.2399E+04  5.0000E+01  5.0000E-01  5.0000E-01  5.0000E-01
  1.8905E+06  5.0000E+04  1.2392E+04  3.5500E+00  1.2396E+04  5.0000E+01  5.0000E-01  5.0000E-01  5.0000E-01
  1.9405E+06  5.0000E+04  1.2389E+04  3.6494E+00  1.2393E+04  5.0000E+01  5.0000E-01  5.0000E-01  5.0000E-01
  1.9905E+06  5.0000E+04  1.2386E+04  3.7488E+00  1.2390E+04  5.0000E+01  5.0000E-01  5.0000E-01  5.0000E-01
  2.0405E+06  5.0000E+04  1.2383E+04  3.8482E+00  1.2387E+04  5.0000E+01  5.0000E-01  5.0000E-01  5.0000E-01
  2.0905E+06  5.0000E+04  1.2380E+04  3.9475E+00  1.2384E+04  5.0000E+01  5.0000E-01  5.0000E-01  5.0000E-01
  2.1405E+06  5.0000E+04  1.2377E+04  4.0469E+00  1.2381E+04  5.0000E+01  5.0000E-01  5.0000E-01  5.0000E-01
  2.1905E+06  5.0000E+04  1.2374E+04  4.1463E+00  1.2379E+04  5.0000E+01  5.0000E-01  5.0000E-01  5.0000E-01
  2.2405E+06  5.0000E+04  1.2371E+04  4.2456E+00  1.2376E+04  5.0000E+01  5.0000E-01  5.0000E-01  5.0000E-01
  2.2905E+06  5.0000E+04  1.2368E+04  4.3449E+00  1.2373E+04  5.0000E+01  5.0000E-01  5.0000E-01  5.0000E-01
  2.3405E+06  5.0000E+04  1.2365E+04  4.4442E+00  1.2370E+04  5.0000E+01  5.0000E-01  5.0000E-01  5.0000E-01
  2.3905E+06  5.0000E+04  1.2362E+04  4.5435E+00  1.2367E+04  5.0000E+01  5.0000E-01  5.0000E-01  5.0000E-01
  2.4405E+06  5.0000E+04  1.2359E+04  4.6428E+00  1.2364E+04  5.0000E+01  5.0000E-01  5.0000E-01  5.0000E-01
  2.4905E+06  5.0000E+04  1.2356E+04  4.7421E+00  1.2361E+04  5.0000E+01  5.0000E-01  5.0000E-01  5.0000E-01
  2.5000E+06  9.5159E+03  1.2356E+04  4.7610E+00  1.2361E+04  5.0000E+01  5.0000E-01  5.0000E-01  5.0000E-01
  2.5190E+06  1.9032E+04  1.2355E+04  4.7987E+00  1.2359E+04  5.0000E+01  5.0000E-01  5.0000E-01  5.0000E-01
  2.5571E+06  3.8063E+04  1.2352E+04  4.8743E+00  1.2357E+04  5.0000E+01  5.0000E-01  5.0000E-01  5.0000E-01
  2.6071E+06  5.0000E+04  1.2349E+04  4.9735E+00  1.2354E+04  5.0000E+01  5.0000E-01  5.0000E-01  5.0000E-01
  2.6571E+06  5.0000E+04  1.2346E+04  5.0728E+00  1.2351E+04  5.0000E+01  5.0000E-01  5.0000E-01  5.0000E-01
  2.7071E+06  5.0000E+04  1.2343E+04  5.1720E+00  1.2348E+04  5.0000E+01  5.0000E-01  5.0000E-01  5.0000E-01
  2.7571E+06  5.0000E+04  1.2340E+04  5.2712E+00  1.2346E+04  5.0000E+01  5.0000E-01  5.0000E-01  5.0000E-01
  2.8071E+06  5.0000E+04  1.2337E+04  5.3703E+00  1.2343E+04  5.0000E+01  5.0000E-01  5.0000E-01  5.0000E-01
  2.8571E+06  5.0000E+04  1.2334E+04  5.4695E+00  1.2340E+04  5.0000E+01  5.0000E-01  5.0000E-01  5.0000E-01
  2.9071E+06  5.0000E+04  1.2331E+04  5.5686E+00  1.2337E+04  5.0000E+01  5.0000E-01  5.0000E-01  5.0000E-01
  2.9571E+06  5.0000E+04  1.2328E+04  5.6678E+00  1.2334E+04  5.0000E+01  5.0000E-01  5.0000E-01  5.0000E-01
  3.0071E+06  5.0000E+04  1.2325E+04  5.7669E+00  1.2331E+04  5.0000E+01  5.0000E-01  5.0000E-01  5.0000E-01
  3.0571E+06  5.0000E+04  1.2322E+04  5.8660E+00  1.2328E+04  5.0000E+01  5.0000E-01  5.0000E-01  5.0000E-01
  3.1071E+06  5.0000E+04  1.2319E+04  5.9651E+00  1.2325E+04  5.0000E+01  5.0000E-01  5.0000E-01  5.0000E-01
  3.1571E+06  5.0000E+04  1.2316E+04  6.0642E+00  1.2322E+04  5.0000E+01  5.0000E-01  5.0000E-01  5.0000E-01
  3.2071E+06  5.0000E+04  1.2313E+04  6.1632E+00  1.2319E+04  5.0000E+01  5.0000E-01  5.0000E-01  5.0000E-01
  3.2571E+06  5.0000E+04  1.2310E+04  6.2623E+00  1.2317E+04  5.0000E+01  5.0000E-01  5.0000E-01  5.0000E-01
  3.3071E+06  5.0000E+04  1.2307E+04  6.3613E+00  1.2314E+04  5.0000E+01  5.0000E-01  5.0000E-01  5.0000E-01
  3.3571E+06  5.0000E+04  1.2304E+04  6.4603E+00  1.2311E+04  5.0000E+01  5.0000E-01  5.0000E-01  5.0000E-01
  3.4071E+06  5.0000E+04  1.2301E+04  6.5593E+00  1.2308E+04  5.0000E+01  5.0000E-01  5.0000E-01  5.0000E-01
  3.4571E+06  5.0000E+04  1.2298E+04  6.6583E+00  1.2305E+04  5.0000E+01  5.0000E-01  5.0000E-01  5.0000E-01
  3.5071E+06  5.0000E+04  1.2295E+04  6.7573E+00  1.2302E+04  5.0000E+01  5.0000E-01  5.0000E-01  5.0000E-01
  3.5571E+06  5.0000E+04  1.2292E+04  6.8562E+00  1.2299E+04  5.0000E+01  5.0000E-01  5.0000E-01  5.0000E-01
  3.6071E+06  5.0000E+04  1.2289E+04  6.9552E+00  1.2296E+04  5.0000E+01  5.0000E-01  5.0000E-01  5.0000E-01
  3.6571E+06  5.0000E+04  1.2286E+04  7.0541E+00  1.2293E+04  5.0000E+01  5.0000E-01  5.0000E-01  5.0000E-01
  3.7071E+06  5.0000E+04  1.2283E+04  7.1530E+00  1.2290E+04  5.0000E+01  5.0000E-01  5.0000E-01  5.0000E-01
  3.7571E+06  5.0000E+04  1.2280E+04  7.2519E+00  1.2288E+04  5.0000E+01  5.0000E-01  5.0000E-01  5.0000E-01
  3.8071E+06  5.0000E+04  1.2277E+04  7.3508E+00  1.2285E+04  5.0000E+01  5.0000E-01  5.0000E-01  5.0000E-01
  3.8571E+06  5.0000E+04  1.2274E+04  7.4497E+00  1.2282E+04  5.0000E+01  5.0000E-01  5.0000E-01  5.0000E-01
  3.9071E+06  5.0000E+04  1.2271E+04  7.5485E+00  1.2279E+04  5.0000E+01  5.0000E-01  5.0000E-01  5.0000E-01
  3.9571E+06  5.0000E+04  1.2268E+04  7.6474E+00  1.2276E+04  5.0000E+01  5.0000E-01  5.0000E-01  5.0000E-01
  4.0071E+06  5.0000E+04  1.2265E+04  7.7462E+00  1.2273E+04  5.0000E+01  5.0000E-01  5.0000E-01  5.0000E-01
  4.0571E+06  5.0000E+04  1.2262E+04  7.8450E+00  1.2270E+04  5.0000E+01  5.0000E-01  5.0000E-01  5.0000E-01
  4.1071E+06  5.0000E+04  1.2259E+04  7.9438E+00  1.2267E+04  5.0000E+01  5.0000E-01  5.0000E-01  5.0000E-01
  4.1571E+06  5.0000E+04  1.2256E+04  8.0426E+00  1.2264E+04  5.0000E+01  5.0000E-01  5.0000E-01  5.0000E-01
  4.2071E+06  5.0000E+04  1.2253E+04  8.1413E+00  1.2262E+04  5.0000E+01  5.0000E-01  5.0000E-01  5.0000E-01
  4.2571E+06  5.0000E+04  1.2250E+04  8.2401E+00  1.2259E+04  5.0000E+01  5.0000E-01  5.0000E-01  5.0000E-01
  4.3071E+06  5.0000E+04  1.2247E+04  8.3388E+00  1.2256E+04  5.0000E+01  5.0000E-01  5.0000E-01  5.0000E-01
  4.3571E+06  5.0000E+04  1.2244E+04  8.4375E+00  1.2253E+04  5.0000E+01  5.0000E-01  5.0000E-01  5.0000E-01
  4.4071E+06  5.0000E+04  1.2241E+04  8.5362E+00  1.2250E+04  5.0000E+01  5.0000E-01  5.0000E-01  5.0000E-01
  4.4571E+06  5.0000E+04  1.2238E+04  8.6349E+00  1.2247E+04  5.0000E+01  5.0000E-01  5.0000E-01  5.0000E-01
  4.5071E+06  5.0000E+04  1.2235E+04  8.7336E+00  1.2244E+04  5.0000E+01  5.0000E-01  5.0000E-01  5.0000E-01
  4.5571E+06  5.0000E+04  1.2232E+04  8.8322E+00  1.2241E+04  5.0000E+01  5.0000E-01  5.0000E-01  5.0000E-01
  4.6071E+06  5.0000E+04  1.2229E+04  8.9309E+00  1.2238E+04  5.0000E+01  5.0000E-01  5.0000E-01  5.0000E-01
  4.6571E+06  5.0000E+04  1.2227E+04  9.0295E+00  1.2236E+04  5.0000E+01  5.0000E-01  5.0000E-01  5.0000E-01
  4.7071E+06  5.0000E+04  1.2224E+04  9.1281E+00  1.2233E+04  5.0000E+01  5.0000E-01  5.0000E-01  5.0000E-01
  4.7571E+06  5.0000E+04  1.2221E+04  9.2267E+00  1.2230E+04  5.0000E+01  5.0000E-01  5.0000E-01  5.0000E-01
  4.8071E+06  5.0000E+04  1.2218E+04  9.3253E+00  1.2227E+04  5.0000E+01  5.0000E-01  5.0000E-01  5.0000E-01
  4.8571E+06  5.0000E+04  1.2215E+04  9.4239E+00  1.2224E+04  5.0000E+01  5.0000E-01  5.0000E-01  5.0000E-01
  4.9071E+06  5.0000E+04  1.2212E+04  9.5224E+00  1.2221E+04  5.0000E+01  5.0000E-01  5.0000E-01  5.0000E-01
  4.9571E+06  5.0000E+04  1.2209E+04  9.6209E+00  1.2218E+04  5.0000E+01  5.0000E-01  5.0000E-01  5.0000E-01
  5.0000E+06  4.2905E+04  1.2206E+04  9.7055E+00  1.2216E+04  5.0000E+01  5.0000E-01  5.0000E-01  5.0000E-01
  5.0500E+06  5.0000E+04  1.2203E+04  9.8040E+00  1.2213E+04  5.0000E+01  5.0000E-01  5.0000E-01  5.0000E-01
  5.1000E+06  5.0000E+04  1.2200E+04  9.9025E+00  1.2210E+04  5.0000E+01  5.0000E-01  5.0000E-01  5.0000E-01
  5.1500E+06  5.0000E+04  1.2197E+04  1.0001E+01  1.2207E+04  5.0000E+01  5.0000E-01  5.0000E-01  5.0000E-01
  5.2000E+06  5.0000E+04  1.2194E+04  1.0099E+01  1.2204E+04  5.0000E+01  5.0000E-01  5.0000E-01  5.0000E-01
  5.2500E+06  5.0000E+04  1.2191E+04  1.0198E+01  1.2201E+04  5.0000E+01  5.0000E-01  5.0000E-01  5.0000E-01
  5.3000E+06  5.0000E+04  1.2188E+04  1.0296E+01  1.2198E+04  5.0000E+01  5.0000E-01  5.0000E-01  5.0000E-01
  5.3500E+06  5.0000E+04  1.2185E+04  1.0395E+01  1.2196E+04  5.0000E+01  5.0000E-01  5.0000E-01  5.0000E-01
  5.4000E+06  5.0000E+04  1.2182E+04  1.0493E+01  1.2193E+04  5.0000E+01  5.0000E-01  5.0000E-01  5.0000E-01
  5.4500E+06  5.0000E+04  1.2179E+04  1.0592E+01  1.2190E+04  5.0000E+01  5.0000E-01  5.0000E-01  5.0000E-01
  5.5000E+06  5.0000E+04  1.2176E+04  1.0690E+01  1.2187E+04  5.0000E+01  5.0000E-01  5.0000E-01  5.0000E-01
  5.5500E+06  5.0000E+04  1.2173E+04  1.0788E+01  1.2184E+04  5.0000E+01  5.0000E-01  5.0000E-01  5.0000E-01
  5.6000E+06  5.0000E+04  1.2170E+04  1.0887E+01  1.2181E+04  5.0000E+01  5.0000E-01  5.0000E-01  5.0000E-01
  5.6500E+06  5.0000E+04  1.2167E+04  1.0985E+01  1.2178E+04  5.0000E+01  5.0000E-01  5.0000E-01  5.0000E-01
  5.7000E+06  5.0000E+04  1.2164E+04  1.1083E+01  1.2175E+04  5.0000E+01  5.0000E-01  5.0000E-01  5.0000E-01
  5.7500E+06  5.0000E+04  1.2161E+04  1.1182E+01  1.2173E+04  5.0000E+01  5.0000E-01  5.0000E-01  5.0000E-01
  5.8000E+06  5.0000E+04  1.2158E+04  1.1280E+01  1.2170E+04  5.0000E+01  5.0000E-01  5.0000E-01  5.0000E-01
  5.8500E+06  5.0000E+04  1.2155E+04  1.1378E+01  1.2167E+04  5.0000E+01  5.0000E-01  5.0000E-01  5.0000E-01
  5.9000E+06  5.0000E+04  1.2152E+04  1.1476E+01  1.2164E+04  5.0000E+01  5.0000E-01  5.0000E-01  5.0000E-01
  5.9500E+06  5.0000E+04  1.2149E+04  1.1575E+01  1.2161E+04  5.0000E+01  5.0000E-01  5.0000E-01  5.0000E-01
  6.0000E+06  5.0000E+04  1.2147E+04  1.1673E+01  1.2158E+04  5.0000E+01  5.0000E-01  5.0000E-01  5.0000E-01
  6.0500E+06  5.0000E+04  1.2144E+04  1.1771E+01  1.2155E+04  5.0000E+01  5.0000E-01  5.0000E-01  5.0000E-01
  6.1000E+06  5.0000E+04  1.2141E+04  1.1869E+01  1.2152E+04  5.0000E+01  5.0000E-01  5.0000E-01  5.0000E-01
  6.1500E+06  5.0000E+04  1.2138E+04  1.1967E+01  1.2150E+04  5.0000E+01  5.0000E-01  5.0000E-01  5.0000E-01
  6.2000E+06  5.0000E+04  1.2135E+04  1.2066E+01  1.2147E+04  5.0000E+01  5.0000E-01  5.0000E-01  5.0000E-01
  6.2500E+06  5.0000E+04  1.2132E+04  1.2164E+01  1.2144E+04  5.0000E+01  5.0000E-01  5.0000E-01  5.0000E-01
  6.3000E+06  5.0000E+04  1.2129E+04  1.2262E+01  1.2141E+04  5.0000E+01  5.0000E-01  5.0000E-01  5.0000E-01
  6.3500E+06  5.0000E+04  1.2126E+04  1.2360E+01  1.2138E+04  5.0000E+01  5.0000E-01  5.0000E-01  5.0000E-01
  6.4000E+06  5.0000E+04  1.2123E+04  1.2458E+01  1.2135E+04  5.0000E+01  5.0000E-01  5.0000E-01  5.0000E-01
  6.4500E+06  5.0000E+04  1.2120E+04  1.2556E+01  1.2132E+04  5.0000E+01  5.0000E-01  5.0000E-01  5.0000E-01
  6.5000E+06  5.0000E+04  1.2117E+04  1.2654E+01  1.2129E+04  5.0000E+01  5.0000E-01  5.0000E-01  5.0000E-01
  6.5500E+06  5.0000E+04  1.2114E+04  1.2752E+01  1.2127E+04  5.0000E+01  5.0000E-01  5.0000E-01  5.0000E-01
  6.6000E+06  5.0000E+04  1.2111E+04  1.2850E+01  1.2124E+04  5.0000E+01  5.0000E-01  5.0000E-01  5.0000E-01
  6.6500E+06  5.0000E+04  1.2108E+04  1.2948E+01  1.2121E+04  5.0000E+01  5.0000E-01  5.0000E-01  5.0000E-01
  6.7000E+06  5.0000E+04  1.2105E+04  1.3046E+01  1.2118E+04  5.0000E+01  5.0000E-01  5.0000E-01  5.0000E-01
  6.7500E+06  5.0000E+04  1.2102E+04  1.3144E+01  1.2115E+04  5.0000E+01  5.0000E-01  5.0000E-01  5.0000E-01
  6.8000E+06  5.0000E+04  1.2099E+04  1.3242E+01  1.2112E+04  5.0000E+01  5.0000E-01  5.0000E-01  5.0000E-01
  6.8500E+06  5.0000E+04  1.2096E+04  1.3340E+01  1.2109E+04  5.0000E+01  5.0000E-01  5.0000E-01  5.0000E-01
  6.9000E+06  5.0000E+04  1.2093E+04  1.3438E+01  1.2107E+04  5.0000E+01  5.0000E-01  5.0000E-01  5.0000E-01
  6.9500E+06  5.0000E+04  1.2090E+04  1.3536E+01  1.2104E+04  5.0000E+01  5.0000E-01  5.0000E-01  5.0000E-01
  7.0000E+06  5.0000E+04  1.2087E+04  1.3634E+01  1.2101E+04  5.0000E+01  5.0000E-01  5.0000E-01  5.0000E-01
  7.0500E+06  5.0000E+04  1.2084E+04  1.3732E+01  1.2098E+04  5.0000E+01  5.0000E-01  5.0000E-01  5.0000E-01
  7.1000E+06  5.0000E+04  1.2081E+04  1.3830E+01  1.2095E+04  5.0000E+01  5.0000E-01  5.0000E-01  5.0000E-01
  7.1500E+06  5.0000E+04  1.2078E+04  1.3928E+01  1.2092E+04  5.0000E+01  5.0000E-01  5.0000E-01  5.0000E-01
  7.2000E+06  5.0000E+04  1.2075E+04  1.4026E+01  1.2089E+04  5.0000E+01  5.0000E-01  5.0000E-01  5.0000E-01
  7.2500E+06  5.0000E+04  1.2072E+04  1.4123E+01  1.2086E+04  5.0000E+01  5.0000E-01  5.0000E-01  5.0000E-01
  7.3000E+06  5.0000E+04  1.2069E+04  1.4221E+01  1.2084E+04  5.0000E+01  5.0000E-01  5.0000E-01  5.0000E-01
  7.3500E+06  5.0000E+04  1.2066E+04  1.4319E+01  1.2081E+04  5.0000E+01  5.0000E-01  5.0000E-01  5.0000E-01
  7.4000E+06  5.0000E+04  1.2063E+04  1.4417E+01  1.2078E+04  5.0000E+01  5.0000E-01  5.0000E-01  5.0000E-01
  7.4500E+06  5.0000E+04  1.2061E+04  1.4515E+01  1.2075E+04  5.0000E+01  5.0000E-01  5.0000E-01  5.0000E-01
  7.5000E+06  5.0000E+04  1.2058E+04  1.4612E+01  1.2072E+04  5.0000E+01  5.0000E-01  5.0000E-01  5.0000E-01
  7.5500E+06  5.0000E+04  1.2055E+04  1.4710E+01  1.2069E+04  5.0000E+01  5.0000E-01  5.0000E-01  5.0000E-01
  7.6000E+06  5.0000E+04  1.2052E+04  1.4808E+01  1.2066E+04  5.0000E+01  5.0000E-01  5.0000E-01  5.0000E-01
  7.6500E+06  5.0000E+04  1.2049E+04  1.4906E+01  1.2064E+04  5.0000E+01  5.0000E-01  5.0000E-01  5.0000E-01
  7.7000E+06  5.0000E+04  1.2046E+04  1.5003E+01  1.2061E+04  5.0000E+01  5.0000E-01  5.0000E-01  5.0000E-01
  7.7500E+06  5.0000E+04  1.2043E+04  1.5101E+01  1.2058E+04  5.0000E+01  5.0000E-01  5.0000E-01  5.0000E-01
  7.8000E+06  5.0000E+04  1.2040E+04  1.5199E+01  1.2055E+04  5.0000E+01  5.0000E-01  5.0000E-01  5.0000E-01
  7.8500E+06  5.0000E+04  1.2037E+04  1.5296E+01  1.2052E+04  5.0000E+01  5.0000E-01  5.0000E-01  5.0000E-01
  7.9000E+06  5.0000E+04  1.2034E+04  1.5394E+01  1.2049E+04  5.0000E+01  5.0000E-01  5.0000E-01  5.0000E-01
  7.9500E+06  5.0000E+04  1.2031E+04  1.5492E+01  1.2046E+04  5.0000E+01  5.0000E-01  5.0000E-01  5.0000E-01
  8.0000E+06  5.0000E+04  1.2028E+04  1.5589E+01  1.2044E+04  5.0000E+01  5.0000E-01  5.0000E-01  5.0000E-01
  8.0500E+06  5.0000E+04  1.2025E+04  1.5687E+01  1.2041E+04  5.0000E+01  5.0000E-01  5.0000E-01  5.0000E-01
  8.1000E+06  5.0000E+04  1.2022E+04  1.5784E+01  1.2038E+04  5.0000E+01  5.0000E-01  5.0000E-01  5.0000E-01
  8.1500E+06  5.0000E+04  1.2019E+04  1.5882E+01  1.2035E+04  5.0000E+01  5.0000E-01  5.0000E-01  5.0000E-01
  8.2000E+06  5.0000E+04  1.2016E+04  1.5980E+01  1.2032E+04  5.0000E+01  5.0000E-01  5.0000E-01  5.0000E-01
  8.2500E+06  5.0000E+04  1.2013E+04  1.6077E+01  1.2029E+04  5.0000E+01  5.0000E-01  5.0000E-01  5.0000E-01
  8.3000E+06  5.0000E+04  1.2010E+04  1.6175E+01  1.2027E+04  5.0000E+01  5.0000E-01  5.0000E-01  5.0000E-01
  8.3500E+06  5.0000E+04  1.2007E+04  1.6272E+01  1.2024E+04  5.0000E+01  5.0000E-01  5.0000E-01  5.0000E-01
  8.4000E+06  5.0000E+04  1.2004E+04  1.6370E+01  1.2021E+04  5.0000E+01  5.0000E-01  5.0000E-01  5.0000E-01
  8.4500E+06  5.0000E+04  1.2001E+04  1.6467E+01  1.2018E+04  5.0000E+01  5.0000E-01  5.0000E-01  5.0000E-01
  8.5000E+06  5.0000E+04  1.1999E+04  1.6565E+01  1.2015E+04  5.0000E+01  5.0000E-01  5.0000E-01  5.0000E-01
  8.5500E+06  5.0000E+04  1.1996E+04  1.6662E+01  1.2012E+04  5.0000E+01  5.0000E-01  5.0000E-01  5.0000E-01
  8.6000E+06  5.0000E+04  1.1993E+04  1.6760E+01  1.2009E+04  5.0000E+01  5.0000E-01  5.0000E-01  5.0000E-01
  8.6500E+06  5.0000E+04  1.1990E+04  1.6857E+01  1.2007E+04  5.0000E+01  5.0000E-01  5.0000E-01  5.0000E-01
  8.7000E+06  5.0000E+04  1.1987E+04  1.6954E+01  1.2004E+04  5.0000E+01  5.0000E-01  5.0000E-01  5.0000E-01
  8.7500E+06  5.0000E+04  1.1984E+04  1.7052E+01  1.2001E+04  5.0000E+01  5.0000E-01  5.0000E-01  5.0000E-01
  8.8000E+06  5.0000E+04  1.1981E+04  1.7149E+01  1.1998E+04  5.0000E+01  5.0000E-01  5.0000E-01  5.0000E-01
  8.8500E+06  5.0000E+04  1.1978E+04  1.7246E+01  1.1995E+04  5.0000E+01  5.0000E-01  5.0000E-01  5.0000E-01
  8.9000E+06  5.0000E+04  1.1975E+04  1.7344E+01  1.1992E+04  5.0000E+01  5.0000E-01  5.0000E-01  5.0000E-01
  8.9500E+06  5.0000E+04  1.1972E+04  1.7441E+01  1.1989E+04  5.0000E+01  5.0000E-01  5.0000E-01  5.0000E-01
  9.0000E+06  5.0000E+04  1.1969E+04  1.7538E+01  1.1987E+04  5.0000E+01  5.0000E-01  5.0000E-01  5.0000E-01
  9.0500E+06  5.0000E+04  1.1966E+04  1.7636E+01  1.1984E+04  5.0000E+01  5.0000E-01  5.0000E-01  5.0000E-01
  9.1000E+06  5.0000E+04  1.1963E+04  1.7733E+01  1.1981E+04  5.0000E+01  5.0000E-01  5.0000E-01  5.0000E-01
  9.1500E+06  5.0000E+04  1.1960E+04  1.7830E+01  1.1978E+04  5.0000E+01  5.0000E-01  5.0000E-01  5.0000E-01
  9.2000E+06  5.0000E+04  1.1957E+04  1.7928E+01  1.1975E+04  5.0000E+01  5.0000E-01  5.0000E-01  5.0000E-01
  9.2500E+06  5.0000E+04  1.1954E+04  1.8025E+01  1.1972E+04  5.0000E+01  5.0000E-01  5.0000E-01  5.0000E-01
  9.3000E+06  5.0000E+04  1.1951E+04  1.8122E+01  1.1970E+04  5.0000E+01  5.0000E-01  5.0000E-01  5.0000E-01
  9.3500E+06  5.0000E+04  1.1949E+04  1.8219E+01  1.1967E+04  5.0000E+01  5.0000E-01  5.0000E-01  5.0000E-01
  9.4000E+06  5.0000E+04  1.1946E+04  1.8316E+01  1.1964E+04  5.0000E+01  5.0000E-01  5.0000E-01  5.0000E-01
  9.4500E+06  5.0000E+04  1.1943E+04  1.8414E+01  1.1961E+04  5.0000E+01  5.0000E-01  5.0000E-01  5.0000E-01
  9.5000E+06  5.0000E+04  1.1940E+04  1.8511E+01  1.1958E+04  5.0000E+01  5.0000E-01  5.0000E-01  5.0000E-01
  9.5500E+06  5.0000E+04  1.1937E+04  1.8608E+01  1.1955E+04  5.0000E+01  5.0000E-01  5.0000E-01  5.0000E-01
  9.6000E+06  5.0000E+04  1.1934E+04  1.8705E+01  1.1953E+04  5.0000E+01  5.0000E-01  5.0000E-01  5.0000E-01
  9.6500E+06  5.0000E+04  1.1931E+04  1.8802E+01  1.1950E+04  5.0000E+01  5.0000E-01  5.0000E-01  5.0000E-01
  9.7000E+06  5.0000E+04  1.1928E+04  1.8899E+01  1.1947E+04  5.0000E+01  5.0000E-01  5.0000E-01  5.0000E-01
  9.7500E+06  5.0000E+04  1.1925E+04  1.8996E+01  1.1944E+04  5.0000E+01  5.0000E-01  5.0000E-01  5.0000E-01
  9.8000E+06  5.0000E+04  1.1922E+04  1.9093E+01  1.1941E+04  5.0000E+01  5.0000E-01  5.0000E-01  5.0000E-01
  9.8500E+06  5.0000E+04  1.1919E+04  1.9191E+01  1.1938E+04  5.0000E+01  5.0000E-01  5.0000E-01  5.0000E-01
  9.9000E+06  5.0000E+04  1.1916E+04  1.9288E+01  1.1935E+04  5.0000E+01  5.0000E-01  5.0000E-01  5.0000E-01
  9.9500E+06  5.0000E+04  1.1913E+04  1.9385E+01  1.1933E+04  5.0000E+01  5.0000E-01  5.0000E-01  5.0000E-01
  1.0000E+07  5.0000E+04  1.1910E+04  1.9482E+01  1.1930E+04  5.0000E+01  5.0000E-01  5.0000E-01  5.0000E-01
  1.0050E+07  5.0000E+04  1.1907E+04  1.9579E+01  1.1927E+04  5.0000E+01  5.0000E-01  5.0000E-01  5.0000E-01
  1.0100E+07  5.0000E+04  1.1904E+04  1.9676E+01  1.1924E+04  5.0000E+01  5.0000E-01  5.0000E-01  5.0000E-01
  1.0150E+07  5.0000E+04  1.1902E+04  1.9773E+01  1.1921E+04  5.0000E+01  5.0000E-01  5.0000E-01  5.0000E-01
  1.0200E+07  5.0000E+04  1.1899E+04  1.9870E+01  1.1918E+04  5.0000E+01  5.0000E-01  5.0000E-01  5.0000E-01
  1.0250E+07  5.0000E+04  1.1896E+04  1.9966E+01  1.1916E+04  5.0000E+01  5.0000E-01  5.0000E-01  5.0000E-01
  1.0300E+07  5.0000E+04  1.1893E+04  2.0063E+01  1.1913E+04  5.0000E+01  5.0000E-01  5.0000E-01  5.0000E-01
  1.0350E+07  5.0000E+04  1.1890E+04  2.0160E+01  1.1910E+04  5.0000E+01  5.0000E-01  5.0000E-01  5.0000E-01
  1.0400E+07  5.0000E+04  1.1887E+04  2.0257E+01  1.1907E+04  5.0000E+01  5.0000E-01  5.0000E-01  5.0000E-01
  1.0450E+07  5.0000E+04  1.1884E+04  2.0354E+01  1.1904E+04  5.0000E+01  5.0000E-01  5.0000E-01  5.0000E-01
  1.0500E+07  5.0000E+04  1.1881E+04  2.0451E+01  1.1901E+04  5.0000E+01  5.0000E-01  5.0000E-01  5.0000E-01
  1.0550E+07  5.0000E+04  1.1878E+04  2.0548E+01  1.1899E+04  5.0000E+01  5.0000E-01  5.0000E-01  5.0000E-01
  1.0600E+07  5.0000E+04  1.1875E+04  2.0645E+01  1.1896E+04  5.0000E+01  5.0000E-01  5.0000E-01  5.0000E-01
  1.0650E+07  5.0000E+04  1.1872E+04  2.0741E+01  1.1893E+04  5.0000E+01  5.0000E-01  5.0000E-01  5.0000E-01
  1.0700E+07  5.0000E+04  1.1869E+04  2.0838E+01  1.1890E+04  5.0000E+01  5.0000E-01  5.0000E-01  5.0000E-01
  1.0750E+07  5.0000E+04  1.1866E+04  2.0935E+01  1.1887E+04  5.0000E+01  5.0000E-01  5.0000E-01  5.0000E-01
  1.0800E+07  5.0000E+04  1.1863E+04  2.1032E+01  1.1885E+04  5.0000E+01  5.0000E-01  5.0000E-01  5.0000E-01
  1.0850E+07  5.0000E+04  1.1861E+04  2.1129E+01  1.1882E+04  5.0000E+01  5.0000E-01  5.0000E-01  5.0000E-01
  1.0900E+07  5.0000E+04  1.1858E+04  2.1225E+01  1.1879E+04  5.0000E+01  5.0000E-01  5.0000E-01  5.0000E-01
  1.0950E+07  5.0000E+04  1.1855E+04  2.1322E+01  1.1876E+04  5.0000E+01  5.0000E-01  5.0000E-01  5.0000E-01
  1.1000E+07  5.0000E+04  1.1852E+04  2.1419E+01  1.1873E+04  5.0000E+01  5.0000E-01  5.0000E-01  5.0000E-01
  1.1050E+07  5.0000E+04  1.1849E+04  2.1515E+01  1.1870E+04  5.0000E+01  5.0000E-01  5.0000E-01  5.0000E-01
  1.1100E+07  5.0000E+04  1.1846E+04  2.1612E+01  1.1868E+04  5.0000E+01  5.0000E-01  5.0000E-01  5.0000E-01
  1.1150E+07  5.0000E+04  1.1843E+04  2.1709E+01  1.1865E+04  5.0000E+01  5.0000E-01  5.0000E-01  5.0000E-01
  1.1200E+07  5.0000E+04  1.1840E+04  2.1805E+01  1.1862E+04  5.0000E+01  5.0000E-01  5.0000E-01  5.0000E-01
  1.1250E+07  5.0000E+04  1.1837E+04  2.1902E+01  1.1859E+04  5.0000E+01  5.0000E-01  5.0000E-01  5.0000E-01
  1.1300E+07  5.0000E+04  1.1834E+04  2.1999E+01  1.1856E+04  5.0000E+01  5.0000E-01  5.0000E-01  5.0000E-01
  1.1350E+07  5.0000E+04  1.1831E+04  2.2095E+01  1.1853E+04  5.0000E+01  5.0000E-01  5.0000E-01  5.0000E-01
  1.1400E+07  5.0000E+04  1.1828E+04  2.2192E+01  1.1851E+04  5.0000E+01  5.0000E-01  5.0000E-01  5.0000E-01
  1.1450E+07  5.0000E+04  1.1826E+04  2.2288E+01  1.1848E+04  5.0000E+01  5.0000E-01  5.0000E-01  5.0000E-01
  1.1500E+07  5.0000E+04  1.1823E+04  2.2385E+01  1.1845E+04  5.0000E+01  5.0000E-01  5.0000E-01  5.0000E-01
  1.1550E+07  5.0000E+04  1.1820E+04  2.2482E+01  1.1842E+04  5.0000E+01  5.0000E-01  5.0000E-01  5.0000E-01
  1.1600E+07  5.0000E+04  1.1817E+04  2.2578E+01  1.1839E+04  5.0000E+01  5.0000E-01  5.0000E-01  5.0000E-01
  1.1650E+07  5.0000E+04  1.1814E+04  2.2675E+01  1.1837E+04  5.0000E+01  5.0000E-01  5.0000E-01  5.0000E-01
  1.1700E+07  5.0000E+04  1.1811E+04  2.2771E+01  1.1834E+04  5.0000E+01  5.0000E-01  5.0000E-01  5.0000E-01
  1.1750E+07  5.0000E+04  1.1808E+04  2.2868E+01  1.1831E+04  5.0000E+01  5.0000E-01  5.0000E-01  5.0000E-01
  1.1800E+07  5.0000E+04  1.1805E+04  2.2964E+01  1.1828E+04  5.0000E+01  5.0000E-01  5.0000E-01  5.0000E-01
  1.1850E+07  5.0000E+04  1.1802E+04  2.3061E+01  1.1825E+04  5.0000E+01  5.0000E-01  5.0000E-01  5.0000E-01
  1.1900E+07  5.0000E+04  1.1799E+04  2.3157E+01  1.1822E+04  5.0000E+01  5.0000E-01  5.0000E-01  5.0000E-01
  1.1950E+07  5.0000E+04  1.1796E+04  2.3253E+01  1.1820E+04  5.0000E+01  5.0000E-01  5.0000E-01  5.0000E-01
  1.2000E+07  5.0000E+04  1.1793E+04  2.3350E+01  1.1817E+04  5.0000E+01  5.0000E-01  5.0000E-01  5.0000E-01
  1.2050E+07  5.0000E+04  1.1791E+04  2.3446E+01  1.1814E+04  5.0000E+01  5.0000E-01  5.0000E-01  5.0000E-01
  1.2100E+07  5.0000E+04  1.1788E+04  2.3543E+01  1.1811E+04  5.0000E+01  5.0000E-01  5.0000E-01  5.0000E-01
  1.2150E+07  5.0000E+04  1.1785E+04  2.3639E+01  1.1808E+04  5.0000E+01  5.0000E-01  5.0000E-01  5.0000E-01
  1.2200E+07  5.0000E+04  1.1782E+04  2.3735E+01  1.1806E+04  5.0000E+01  5.0000E-01  5.0000E-01  5.0000E-01
  1.2250E+07  5.0000E+04  1.1779E+04  2.3832E+01  1.1803E+04  5.0000E+01  5.0000E-01  5.0000E-01  5.0000E-01
  1.2300E+07  5.0000E+04  1.1776E+04  2.3928E+01  1.1800E+04  5.0000E+01  5.0000E-01  5.0000E-01  5.0000E-01
  1.2350E+07  5.0000E+04  1.1773E+04  2.4024E+01  1.1797E+04  5.0000E+01  5.0000E-01  5.0000E-01  5.0000E-01
  1.2400E+07  5.0000E+04  1.1770E+04  2.4121E+01  1.1794E+04  5.0000E+01  5.0000E-01  5.0000E-01  5.0000E-01
  1.2450E+07  5.0000E+04  1.1767E+04  2.4217E+01  1.1791E+04  5.0000E+01  5.0000E-01  5.0000E-01  5.0000E-01
  1.2500E+07  5.0000E+04  1.1764E+04  2.4313E+01  1.1789E+04  5.0000E+01  5.0000E-01  5.0000E-01  5.0000E-01
  1.2550E+07  5.0000E+04  1.1761E+04  2.4409E+01  1.1786E+04  5.0000E+01  5.0000E-01  5.0000E-01  5.0000E-01
  1.2600E+07  5.0000E+04  1.1759E+04  2.4506E+01  1.1783E+04  5.0000E+01  5.0000E-01  5.0000E-01  5.0000E-01
  1.2650E+07  5.0000E+04  1.1756E+04  2.4602E+01  1.1780E+04  5.0000E+01  5.0000E-01  5.0000E-01  5.0000E-01
  1.2700E+07  5.0000E+04  1.1753E+04  2.4698E+01  1.1777E+04  5.0000E+01  5.0000E-01  5.0000E-01  5.0000E-01
  1.2750E+07  5.0000E+04  1.1750E+04  2.4794E+01  1.1775E+04  5.0000E+01  5.0000E-01  5.0000E-01  5.0000E-01
  1.2800E+07  5.0000E+04  1.1747E+04  2.4890E+01  1.1772E+04  5.0000E+01  5.0000E-01  5.0000E-01  5.0000E-01
  1.2850E+07  5.0000E+04  1.1744E+04  2.4986E+01  1.1769E+04  5.0000E+01  5.0000E-01  5.0000E-01  5.0000E-01
  1.2900E+07  5.0000E+04  1.1741E+04  2.5083E+01  1.1766E+04  5.0000E+01  5.0000E-01  5.0000E-01  5.0000E-01
  1.2950E+07  5.0000E+04  1.1738E+04  2.5179E+01  1.1763E+04  5.0000E+01  5.0000E-01  5.0000E-01  5.0000E-01
  1.3000E+07  5.0000E+04  1.1735E+04  2.5275E+01  1.1761E+04  5.0000E+01  5.0000E-01  5.0000E-01  5.0000E-01
  1.3050E+07  5.0000E+04  1.1732E+04  2.5371E+01  1.1758E+04  5.0000E+01  5.0000E-01  5.0000E-01  5.0000E-01
  1.3100E+07  5.0000E+04  1.1729E+04  2.5467E+01  1.1755E+04  5.0000E+01  5.0000E-01  5.0000E-01  5.0000E-01
  1.3150E+07  5.0000E+04  1.1727E+04  2.5563E+01  1.1752E+04  5.0000E+01  5.0000E-01  5.0000E-01  5.0000E-01
  1.3200E+07  5.0000E+04  1.1724E+04  2.5659E+01  1.1749E+04  5.0000E+01  5.0000E-01  5.0000E-01  5.0000E-01
  1.3250E+07  5.0000E+04  1.1721E+04  2.5755E+01  1.1747E+04  5.0000E+01  5.0000E-01  5.0000E-01  5.0000E-01
  1.3300E+07  5.0000E+04  1.1718E+04  2.5851E+01  1.1744E+04  5.0000E+01  5.0000E-01  5.0000E-01  5.0000E-01
  1.3350E+07  5.0000E+04  1.1715E+04  2.5947E+01  1.1741E+04  5.0000E+01  5.0000E-01  5.0000E-01  5.0000E-01
  1.3400E+07  5.0000E+04  1.1712E+04  2.6043E+01  1.1738E+04  5.0000E+01  5.0000E-01  5.0000E-01  5.0000E-01
  1.3450E+07  5.0000E+04  1.1709E+04  2.6139E+01  1.1735E+04  5.0000E+01  5.0000E-01  5.0000E-01  5.0000E-01
  1.3500E+07  5.0000E+04  1.1706E+04  2.6235E+01  1.1733E+04  5.0000E+01  5.0000E-01  5.0000E-01  5.0000E-01
  1.3550E+07  5.0000E+04  1.1703E+04  2.6331E+01  1.1730E+04  5.0000E+01  5.0000E-01  5.0000E-01  5.0000E-01
  1.3600E+07  5.0000E+04  1.1701E+04  2.6427E+01  1.1727E+04  5.0000E+01  5.0000E-01  5.0000E-01  5.0000E-01
  1.3650E+07  5.0000E+04  1.1698E+04  2.6523E+01  1.1724E+04  5.0000E+01  5.0000E-01  5.0000E-01  5.0000E-01
  1.3700E+07  5.0000E+04  1.1695E+04  2.6619E+01  1.1721E+04  5.0000E+01  5.0000E-01  5.0000E-01  5.0000E-01
  1.3750E+07  5.0000E+04  1.1692E+04  2.6715E+01  1.1719E+04  5.0000E+01  5.0000E-01  5.0000E-01  5.0000E-01
  1.3800E+07  5.0000E+04  1.1689E+04  2.6810E+01  1.1716E+04  5.0000E+01  5.0000E-01  5.0000E-01  5.0000E-01
  1.3850E+07  5.0000E+04  1.1686E+04  2.6906E+01  1.1713E+04  5.0000E+01  5.0000E-01  5.0000E-01  5.0000E-01
  1.3900E+07  5.0000E+04  1.1683E+04  2.7002E+01  1.1710E+04  5.0000E+01  5.0000E-01  5.0000E-01  5.0000E-01
  1.3950E+07  5.0000E+04  1.1680E+04  2.7098E+01  1.1707E+04  5.0000E+01  5.0000E-01  5.0000E-01  5.0000E-01
  1.4000E+07  5.0000E+04  1.1677E+04  2.7194E+01  1.1705E+04  5.0000E+01  5.0000E-01  5.0000E-01  5.0000E-01
  1.4050E+07  5.0000E+04  1.1674E+04  2.7290E+01  1.1702E+04  5.0000E+01  5.0000E-01  5.0000E-01  5.0000E-01
  1.4100E+07  5.0000E+04  1.1672E+04  2.7385E+01  1.1699E+04  5.0000E+01  5.0000E-01  5.0000E-01  5.0000E-01
  1.4150E+07  5.0000E+04  1.1669E+04  2.7481E+01  1.1696E+04  5.0000E+01  5.0000E-01  5.0000E-01  5.0000E-01
  1.4200E+07  5.0000E+04  1.1666E+04  2.7577E+01  1.1693E+04  5.0000E+01  5.0000E-01  5.0000E-01  5.0000E-01
  1.4250E+07  5.0000E+04  1.1663E+04  2.7673E+01  1.1691E+04  5.0000E+01  5.0000E-01  5.0000E-01  5.0000E-01
  1.4300E+07  5.0000E+04  1.1660E+04  2.7768E+01  1.1688E+04  5.0000E+01  5.0000E-01  5.0000E-01  5.0000E-01
  1.4350E+07  5.0000E+04  1.1657E+04  2.7864E+01  1.1685E+04  5.0000E+01  5.0000E-01  5.0000E-01  5.0000E-01
  1.4400E+07  5.0000E+04  1.1654E+04  2.7960E+01  1.1682E+04  5.0000E+01  5.0000E-01  5.0000E-01  5.0000E-01
  1.4450E+07  5.0000E+04  1.1651E+04  2.8055E+01  1.1679E+04  5.0000E+01  5.0000E-01  5.0000E-01  5.0000E-01
  1.4500E+07  5.0000E+04  1.1648E+04  2.8151E+01  1.1677E+04  5.0000E+01  5.0000E-01  5.0000E-01  5.0000E-01
  1.4550E+07  5.0000E+04  1.1646E+04  2.8247E+01  1.1674E+04  5.0000E+01  5.0000E-01  5.0000E-01  5.0000E-01
  1.4600E+07  5.0000E+04  1.1643E+04  2.8342E+01  1.1671E+04  5.0000E+01  5.0000E-01  5.0000E-01  5.0000E-01
  1.4650E+07  5.0000E+04  1.1640E+04  2.8438E+01  1.1668E+04  5.0000E+01  5.0000E-01  5.0000E-01  5.0000E-01
  1.4700E+07  5.0000E+04  1.1637E+04  2.8533E+01  1.1665E+04  5.0000E+01  5.0000E-01  5.0000E-01  5.0000E-01
  1.4750E+07  5.0000E+04  1.1634E+04  2.8629E+01  1.1663E+04  5.0000E+01  5.0000E-01  5.0000E-01  5.0000E-01
  1.4800E+07  5.0000E+04  1.1631E+04  2.8725E+01  1.1660E+04  5.0000E+01  5.0000E-01  5.0000E-01  5.0000E-01
  1.4850E+07  5.0000E+04  1.1628E+04  2.8820E+01  1.1657E+04  5.0000E+01  5.0000E-01  5.0000E-01  5.0000E-01
  1.4900E+07  5.0000E+04  1.1625E+04  2.8916E+01  1.1654E+04  5.0000E+01  5.0000E-01  5.0000E-01  5.0000E-01
  1.4950E+07  5.0000E+04  1.1622E+04  2.9011E+01  1.1651E+04  5.0000E+01  5.0000E-01  5.0000E-01  5.0000E-01
  1.5000E+07  5.0000E+04  1.1620E+04  2.9107E+01  1.1649E+04  5.0000E+01  5.0000E-01  5.0000E-01  5.0000E-01
  1.5050E+07  5.0000E+04  1.1617E+04  2.9202E+01  1.1646E+04  5.0000E+01  5.0000E-01  5.0000E-01  5.0000E-01
  1.5100E+07  5.0000E+04  1.1614E+04  2.9298E+01  1.1643E+04  5.0000E+01  5.0000E-01  5.0000E-01  5.0000E-01
  1.5150E+07  5.0000E+04  1.1611E+04  2.9393E+01  1.1640E+04  5.0000E+01  5.0000E-01  5.0000E-01  5.0000E-01
  1.5200E+07  5.0000E+04  1.1608E+04  2.9489E+01  1.1638E+04  5.0000E+01  5.0000E-01  5.0000E-01  5.0000E-01
  1.5250E+07  5.0000E+04  1.1605E+04  2.9584E+01  1.1635E+04  5.0000E+01  5.0000E-01  5.0000E-01  5.0000E-01
  1.5300E+07  5.0000E+04  1.1602E+04  2.9679E+01  1.1632E+04  5.0000E+01  5.0000E-01  5.0000E-01  5.0000E-01
  1.5350E+07  5.0000E+04  1.1599E+04  2.9775E+01  1.1629E+04  5.0000E+01  5.0000E-01  5.0000E-01  5.0000E-01
  1.5400E+07  5.0000E+04  1.1597E+04  2.9870E+01  1.1626E+04  5.0000E+01  5.0000E-01  5.0000E-01  5.0000E-01
  1.5450E+07  5.0000E+04  1.1594E+04  2.9966E+01  1.1624E+04  5.0000E+01  5.0000E-01  5.0000E-01  5.0000E-01
  1.5500E+07  5.0000E+04  1.1591E+04  3.0061E+01  1.1621E+04  5.0000E+01  5.0000E-01  5.0000E-01  5.0000E-01
  1.5550E+07  5.0000E+04  1.1588E+04  3.0156E+01  1.1618E+04  5.0000E+01  5.0000E-01  5.0000E-01  5.0000E-01
  1.5600E+07  5.0000E+04  1.1585E+04  3.0252E+01  1.1615E+04  5.0000E+01  5.0000E-01  5.0000E-01  5.0000E-01
  1.5650E+07  5.0000E+04  1.1582E+04  3.0347E+01  1.1613E+04  5.0000E+01  5.0000E-01  5.0000E-01  5.0000E-01
  1.5700E+07  5.0000E+04  1.1579E+04  3.0442E+01  1.1610E+04  5.0000E+01  5.0000E-01  5.0000E-01  5.0000E-01
  1.5750E+07  5.0000E+04  1.1576E+04  3.0537E+01  1.1607E+04  5.0000E+01  5.0000E-01  5.0000E-01  5.0000E-01
  1.5800E+07  5.0000E+04  1.1574E+04  3.0633E+01  1.1604E+04  5.0000E+01  5.0000E-01  5.0000E-01  5.0000E-01
  1.5850E+07  5.0000E+04  1.1571E+04  3.0728E+01  1.1601E+04  5.0000E+01  5.0000E-01  5.0000E-01  5.0000E-01
  1.5900E+07  5.0000E+04  1.1568E+04  3.0823E+01  1.1599E+04  5.0000E+01  5.0000E-01  5.0000E-01  5.0000E-01
  1.5950E+07  5.0000E+04  1.1565E+04  3.0918E+01  1.1596E+04  5.0000E+01  5.0000E-01  5.0000E-01  5.0000E-01
  1.6000E+07  5.0000E+04  1.1562E+04  3.1014E+01  1.1593E+04  5.0000E+01  5.0000E-01  5.0000E-01  5.0000E-01
  1.6050E+07  5.0000E+04  1.1559E+04  3.1109E+01  1.1590E+04  5.0000E+01  5.0000E-01  5.0000E-01  5.0000E-01
  1.6100E+07  5.0000E+04  1.1556E+04  3.1204E+01  1.1588E+04  5.0000E+01  5.0000E-01  5.0000E-01  5.0000E-01
  1.6150E+07  5.0000E+04  1.1553E+04  3.1299E+01  1.1585E+04  5.0000E+01  5.0000E-01  5.0000E-01  5.0000E-01
  1.6200E+07  5.0000E+04  1.1551E+04  3.1394E+01  1.1582E+04  5.0000E+01  5.0000E-01  5.0000E-01  5.0000E-01
  1.6250E+07  5.0000E+04  1.1548E+04  3.1489E+01  1.1579E+04  5.0000E+01  5.0000E-01  5.0000E-01  5.0000E-01
  1.6300E+07  5.0000E+04  1.1545E+04  3.1584E+01  1.1576E+04  5.0000E+01  5.0000E-01  5.0000E-01  5.0000E-01
  1.6350E+07  5.0000E+04  1.1542E+04  3.1680E+01  1.1574E+04  5.0000E+01  5.0000E-01  5.0000E-01  5.0000E-01
  1.6400E+07  5.0000E+04  1.1539E+04  3.1775E+01  1.1571E+04  5.0000E+01  5.0000E-01  5.0000E-01  5.0000E-01
  1.6450E+07  5.0000E+04  1.1536E+04  3.1870E+01  1.1568E+04  5.0000E+01  5.0000E-01  5.0000E-01  5.0000E-01
  1.6500E+07  5.0000E+04  1.1533E+04  3.1965E+01  1.1565E+04  5.0000E+01  5.0000E-01  5.0000E-01  5.0000E-01
  1.6550E+07  5.0000E+04  1.1530E+04  3.2060E+01  1.1563E+04  5.0000E+01  5.0000E-01  5.0000E-01  5.0000E-01
  1.6600E+07  5.0000E+04  1.1528E+04  3.2155E+01  1.1560E+04  5.0000E+01  5.0000E-01  5.0000E-01  5.0000E-01
  1.6650E+07  5.0000E+04  1.1525E+04  3.2250E+01  1.1557E+04  5.0000E+01  5.0000E-01  5.0000E-01  5.0000E-01
  1.6700E+07  5.0000E+04  1.1522E+04  3.2345E+01  1.1554E+04  5.0000E+01  5.0000E-01  5.0000E-01  5.0000E-01
  1.6750E+07  5.0000E+04  1.1519E+04  3.2440E+01  1.1551E+04  5.0000E+01  5.0000E-01  5.0000E-01  5.0000E-01
  1.6800E+07  5.0000E+04  1.1516E+04  3.2535E+01  1.1549E+04  5.0000E+01  5.0000E-01  5.0000E-01  5.0000E-01
  1.6850E+07  5.0000E+04  1.1513E+04  3.2630E+01  1.1546E+04  5.0000E+01  5.0000E-01  5.0000E-01  5.0000E-01
  1.6900E+07  5.0000E+04  1.1510E+04  3.2725E+01  1.1543E+04  5.0000E+01  5.0000E-01  5.0000E-01  5.0000E-01
  1.6950E+07  5.0000E+04  1.1508E+04  3.2819E+01  1.1540E+04  5.0000E+01  5.0000E-01  5.0000E-01  5.0000E-01
  1.7000E+07  5.0000E+04  1.1505E+04  3.2914E+01  1.1538E+04  5.0000E+01  5.0000E-01  5.0000E-01  5.0000E-01
  1.7050E+07  5.0000E+04  1.1502E+04  3.3009E+01  1.1535E+04  5.0000E+01  5.0000E-01  5.0000E-01  5.0000E-01
  1.7100E+07  5.0000E+04  1.1499E+04  3.3104E+01  1.1532E+04  5.0000E+01  5.0000E-01  5.0000E-01  5.0000E-01
  1.7150E+07  5.0000E+04  1.1496E+04  3.3199E+01  1.1529E+04  5.0000E+01  5.0000E-01  5.0000E-01  5.0000E-01
  1.7200E+07  5.0000E+04  1.1493E+04  3.3294E+01  1.1527E+04  5.0000E+01  5.0000E-01  5.0000E-01  5.0000E-01
  1.7250E+07  5.0000E+04  1.1490E+04  3.3389E+01  1.1524E+04  5.0000E+01  5.0000E-01  5.0000E-01  5.0000E-01
  1.7300E+07  5.0000E+04  1.1488E+04  3.3483E+01  1.1521E+04  5.0000E+01  5.0000E-01  5.0000E-01  5.0000E-01
  1.7350E+07  5.0000E+04  1.1485E+04  3.3578E+01  1.1518E+04  5.0000E+01  5.0000E-01  5.0000E-01  5.0000E-01
  1.7400E+07  5.0000E+04  1.1482E+04  3.3673E+01  1.1515E+04  5.0000E+01  5.0000E-01  5.0000E-01  5.0000E-01
  1.7450E+07  5.0000E+04  1.1479E+04  3.3768E+01  1.1513E+04  5.0000E+01  5.0000E-01  5.0000E-01  5.0000E-01
  1.7500E+07  5.0000E+04  1.1476E+04  3.3862E+01  1.1510E+04  5.0000E+01  5.0000E-01  5.0000E-01  5.0000E-01
  1.7550E+07  5.0000E+04  1.1473E+04  3.3957E+01  1.1507E+04  5.0000E+01  5.0000E-01  5.0000E-01  5.0000E-01
  1.7600E+07  5.0000E+04  1.1470E+04  3.4052E+01  1.1504E+04  5.0000E+01  5.0000E-01  5.0000E-01  5.0000E-01
  1.7650E+07  5.0000E+04  1.1468E+04  3.4147E+01  1.1502E+04  5.0000E+01  5.0000E-01  5.0000E-01  5.0000E-01
  1.7700E+07  5.0000E+04  1.1465E+04  3.4241E+01  1.1499E+04  5.0000E+01  5.0000E-01  5.0000E-01  5.0000E-01
  1.7750E+07  5.0000E+04  1.1462E+04  3.4336E+01  1.1496E+04  5.0000E+01  5.0000E-01  5.0000E-01  5.0000E-01
  1.7800E+07  5.0000E+04  1.1459E+04  3.4431E+01  1.1493E+04  5.0000E+01  5.0000E-01  5.0000E-01  5.0000E-01
  1.7850E+07  5.0000E+04  1.1456E+04  3.4525E+01  1.1491E+04  5.0000E+01  5.0000E-01  5.0000E-01  5.0000E-01
  1.7900E+07  5.0000E+04  1.1453E+04  3.4620E+01  1.1488E+04  5.0000E+01  5.0000E-01  5.0000E-01  5.0000E-01
  1.7950E+07  5.0000E+04  1.1450E+04  3.4715E+01  1.1485E+04  5.0000E+01  5.0000E-01  5.0000E-01  5.0000E-01
  1.8000E+07  5.0000E+04  1.1448E+04  3.4809E+01  1.1482E+04  5.0000E+01  5.0000E-01  5.0000E-01  5.0000E-01
  1.8050E+07  5.0000E+04  1.1445E+04  3.4904E+01  1.1480E+04  5.0000E+01  5.0000E-01  5.0000E-01  5.0000E-01
  1.8100E+07  5.0000E+04  1.1442E+04  3.4998E+01  1.1477E+04  5.0000E+01  5.0000E-01  5.0000E-01  5.0000E-01
  1.8150E+07  5.0000E+04  1.1439E+04  3.5093E+01  1.1474E+04  5.0000E+01  5.0000E-01  5.0000E-01  5.0000E-01
  1.8200E+07  5.0000E+04  1.1436E+04  3.5187E+01  1.1471E+04  5.0000E+01  5.0000E-01  5.0000E-01  5.0000E-01
  1.8250E+07  5.0000E+04  1.1433E+04  3.5282E+01  1.1469E+04  5.0000E+01  5.0000E-01  5.0000E-01  5.0000E-01
  1.8300E+07  5.0000E+04  1.1430E+04  3.5376E+01  1.1466E+04  5.0000E+01  5.0000E-01  5.0000E-01  5.0000E-01
  1.8350E+07  5.0000E+04  1.1428E+04  3.5471E+01  1.1463E+04  5.0000E+01  5.0000E-01  5.0000E-01  5.0000E-01
  1.8400E+07  5.0000E+04  1.1425E+04  3.5565E+01  1.1460E+04  5.0000E+01  5.0000E-01  5.0000E-01  5.0000E-01
  1.8450E+07  5.0000E+04  1.1422E+04  3.5660E+01  1.1458E+04  5.0000E+01  5.0000E-01  5.0000E-01  5.0000E-01
  1.8500E+07  5.0000E+04  1.1419E+04  3.5754E+01  1.1455E+04  5.0000E+01  5.0000E-01  5.0000E-01  5.0000E-01
  1.8550E+07  5.0000E+04  1.1416E+04  3.5849E+01  1.1452E+04  5.0000E+01  5.0000E-01  5.0000E-01  5.0000E-01
  1.8600E+07  5.0000E+04  1.1413E+04  3.5943E+01  1.1449E+04  5.0000E+01  5.0000E-01  5.0000E-01  5.0000E-01
  1.8650E+07  5.0000E+04  1.1410E+04  3.6037E+01  1.1447E+04  5.0000E+01  5.0000E-01  5.0000E-01  5.0000E-01
  1.8700E+07  5.0000E+04  1.1408E+04  3.6132E+01  1.1444E+04  5.0000E+01  5.0000E-01  5.0000E-01  5.0000E-01
  1.8750E+07  5.0000E+04  1.1405E+04  3.6226E+01  1.1441E+04  5.0000E+01  5.0000E-01  5.0000E-01  5.0000E-01
  1.8800E+07  5.0000E+04  1.1402E+04  3.6321E+01  1.1438E+04  5.0000E+01  5.0000E-01  5.0000E-01  5.0000E-01
  1.8850E+07  5.0000E+04  1.1399E+04  3.6415E+01  1.1436E+04  5.0000E+01  5.0000E-01  5.0000E-01  5.0000E-01
  1.8900E+07  5.0000E+04  1.1396E+04  3.6509E+01  1.1433E+04  5.0000E+01  5.0000E-01  5.0000E-01  5.0000E-01
  1.8950E+07  5.0000E+04  1.1393E+04  3.6604E+01  1.1430E+04  5.0000E+01  5.0000E-01  5.0000E-01  5.0000E-01
  1.9000E+07  5.0000E+04  1.1391E+04  3.6698E+01  1.1427E+04  5.0000E+01  5.0000E-01  5.0000E-01  5.0000E-01
  1.9050E+07  5.0000E+04  1.1388E+04  3.6792E+01  1.1425E+04  5.0000E+01  5.0000E-01  5.0000E-01  5.0000E-01
  1.9100E+07  5.0000E+04  1.1385E+04  3.6886E+01  1.1422E+04  5.0000E+01  5.0000E-01  5.0000E-01  5.0000E-01
  1.9150E+07  5.0000E+04  1.1382E+04  3.6981E+01  1.1419E+04  5.0000E+01  5.0000E-01  5.0000E-01  5.0000E-01
  1.9200E+07  5.0000E+04  1.1379E+04  3.7075E+01  1.1416E+04  5.0000E+01  5.0000E-01  5.0000E-01  5.0000E-01
  1.9250E+07  5.0000E+04  1.1376E+04  3.7169E+01  1.1414E+04  5.0000E+01  5.0000E-01  5.0000E-01  5.0000E-01
  1.9300E+07  5.0000E+04  1.1374E+04  3.7263E+01  1.1411E+04  5.0000E+01  5.0000E-01  5.0000E-01  5.0000E-01
  1.9350E+07  5.0000E+04  1.1371E+04  3.7357E+01  1.1408E+04  5.0000E+01  5.0000E-01  5.0000E-01  5.0000E-01
  1.9400E+07  5.0000E+04  1.1368E+04  3.7452E+01  1.1405E+04  5.0000E+01  5.0000E-01  5.0000E-01  5.0000E-01
  1.9450E+07  5.0000E+04  1.1365E+04  3.7546E+01  1.1403E+04  5.0000E+01  5.0000E-01  5.0000E-01  5.0000E-01
  1.9500E+07  5.0000E+04  1.1362E+04  3.7640E+01  1.1400E+04  5.0000E+01  5.0000E-01  5.0000E-01  5.0000E-01
  1.9550E+07  5.0000E+04  1.1359E+04  3.7734E+01  1.1397E+04  5.0000E+01  5.0000E-01  5.0000E-01  5.0000E-01
  1.9600E+07  5.0000E+04  1.1357E+04  3.7828E+01  1.1394E+04  5.0000E+01  5.0000E-01  5.0000E-01  5.0000E-01
  1.9650E+07  5.0000E+04  1.1354E+04  3.7922E+01  1.1392E+04  5.0000E+01  5.0000E-01  5.0000E-01  5.0000E-01
  1.9700E+07  5.0000E+04  1.1351E+04  3.8016E+01  1.1389E+04  5.0000E+01  5.0000E-01  5.0000E-01  5.0000E-01
  1.9750E+07  5.0000E+04  1.1348E+04  3.8110E+01  1.1386E+04  5.0000E+01  5.0000E-01  5.0000E-01  5.0000E-01
  1.9800E+07  5.0000E+04  1.1345E+04  3.8204E+01  1.1383E+04  5.0000E+01  5.0000E-01  5.0000E-01  5.0000E-01
  1.9850E+07  5.0000E+04  1.1342E+04  3.8298E+01  1.1381E+04  5.0000E+01  5.0000E-01  5.0000E-01  5.0000E-01
  1.9900E+07  5.0000E+04  1.1339E+04  3.8392E+01  1.1378E+04  5.0000E+01  5.0000E-01  5.0000E-01  5.0000E-01
  1.9950E+07  5.0000E+04  1.1337E+04  3.8487E+01  1.1375E+04  5.0000E+01  5.0000E-01  5.0000E-01  5.0000E-01
  2.0000E+07  5.0000E+04  1.1334E+04  3.8580E+01  1.1372E+04  5.0000E+01  5.0000E-01  5.0000E-01  5.0000E-01
