          22         164
Na+           1.00  4.00
Ca++          2.00  6.00
Zn++          2.00  6.00
Fe++          2.00  6.00
K+            1.00  3.00
Al+++         3.00  9.00
Mn++          2.00  6.00
Mg++          2.00  8.00
H+            1.00  9.00
NH4+          1.00  2.50
NO3-         -1.00  3.00
NO2-         -1.00  3.00
HCO3-        -1.00  4.00
Cl-          -1.00  3.00
SO4--        -2.00  4.00
HPO4--       -2.00  4.00
F-           -1.00  3.50
SiO2(aq)      0.00  3.00
Cu++          2.00  6.00
UO2++         2.00  4.50
O2(aq)        0.00  3.00
Tracer        0.00  3.00
OH-                              -1.00  3.50
   1   9   0   0   0   0   0   0   0   0   0   0   0   0   0   0   0   0   0   0   0   0   0
  0.00 -1.00  0.00  0.00  0.00  0.00  0.00  0.00  0.00  0.00  0.00  0.00  0.00  0.00  0.00  0.00  0.00  0.00  0.00  0.00  0.00  0.00  0.00
           1
  1.00
  13.99510
CO3--                            -2.00  4.50
   2   9  13   0   0   0   0   0   0   0   0   0   0   0   0   0   0   0   0   0   0   0   0
  0.00 -1.00  1.00  0.00  0.00  0.00  0.00  0.00  0.00  0.00  0.00  0.00  0.00  0.00  0.00  0.00  0.00  0.00  0.00  0.00  0.00  0.00  0.00
           0
  0.00
  10.32880
CO2(aq)                           0.00  3.00
   2   9  13   0   0   0   0   0   0   0   0   0   0   0   0   0   0   0   0   0   0   0   0
  0.00  1.00  1.00  0.00  0.00  0.00  0.00  0.00  0.00  0.00  0.00  0.00  0.00  0.00  0.00  0.00  0.00  0.00  0.00  0.00  0.00  0.00  0.00
           1
 -1.00
  -6.34470
CH4(aq)                           0.00  3.00
   3   9  13  21   0   0   0   0   0   0   0   0   0   0   0   0   0   0   0   0   0   0   0
  0.00  1.00  1.00 -2.00  0.00  0.00  0.00  0.00  0.00  0.00  0.00  0.00  0.00  0.00  0.00  0.00  0.00  0.00  0.00  0.00  0.00  0.00  0.00
           1
  1.00
 144.14110
NaHCO3(aq)                        0.00  3.00
   2   1  13   0   0   0   0   0   0   0   0   0   0   0   0   0   0   0   0   0   0   0   0
  0.00  1.00  1.00  0.00  0.00  0.00  0.00  0.00  0.00  0.00  0.00  0.00  0.00  0.00  0.00  0.00  0.00  0.00  0.00  0.00  0.00  0.00  0.00
           0
  0.00
  -0.15410
NaCl(aq)                          0.00  3.00
   2   1  14   0   0   0   0   0   0   0   0   0   0   0   0   0   0   0   0   0   0   0   0
  0.00  1.00  1.00  0.00  0.00  0.00  0.00  0.00  0.00  0.00  0.00  0.00  0.00  0.00  0.00  0.00  0.00  0.00  0.00  0.00  0.00  0.00  0.00
           0
  0.00
   0.77700
NaF(aq)                           0.00  3.00
   2   1  17   0   0   0   0   0   0   0   0   0   0   0   0   0   0   0   0   0   0   0   0
  0.00  1.00  1.00  0.00  0.00  0.00  0.00  0.00  0.00  0.00  0.00  0.00  0.00  0.00  0.00  0.00  0.00  0.00  0.00  0.00  0.00  0.00  0.00
           0
  0.00
   0.99760
NH4SO4-                          -1.00  4.00
   2  10  15   0   0   0   0   0   0   0   0   0   0   0   0   0   0   0   0   0   0   0   0
  0.00  1.00  1.00  0.00  0.00  0.00  0.00  0.00  0.00  0.00  0.00  0.00  0.00  0.00  0.00  0.00  0.00  0.00  0.00  0.00  0.00  0.00  0.00
           0
  0.00
   8.30100
NaAlO2(aq)                        0.00  3.00
   3   1   6   9   0   0   0   0   0   0   0   0   0   0   0   0   0   0   0   0   0   0   0
  0.00  1.00  1.00 -4.00  0.00  0.00  0.00  0.00  0.00  0.00  0.00  0.00  0.00  0.00  0.00  0.00  0.00  0.00  0.00  0.00  0.00  0.00  0.00
           1
  2.00
  23.62660
NaHP2O7--                        -2.00  4.00
   3   1   9  16   0   0   0   0   0   0   0   0   0   0   0   0   0   0   0   0   0   0   0
  0.00  1.00  1.00  2.00  0.00  0.00  0.00  0.00  0.00  0.00  0.00  0.00  0.00  0.00  0.00  0.00  0.00  0.00  0.00  0.00  0.00  0.00  0.00
           1
 -1.00
  -6.84980
NaHPO4-                          -1.00  4.00
   2   1  16   0   0   0   0   0   0   0   0   0   0   0   0   0   0   0   0   0   0   0   0
  0.00  1.00  1.00  0.00  0.00  0.00  0.00  0.00  0.00  0.00  0.00  0.00  0.00  0.00  0.00  0.00  0.00  0.00  0.00  0.00  0.00  0.00  0.00
           0
  0.00
  -0.92000
NaHSiO3(aq)                       0.00  3.00
   3   1   9  18   0   0   0   0   0   0   0   0   0   0   0   0   0   0   0   0   0   0   0
  0.00  1.00 -1.00  1.00  0.00  0.00  0.00  0.00  0.00  0.00  0.00  0.00  0.00  0.00  0.00  0.00  0.00  0.00  0.00  0.00  0.00  0.00  0.00
           1
  1.00
   8.30400
NaNO3(aq)                         0.00  3.00
   2   1  11   0   0   0   0   0   0   0   0   0   0   0   0   0   0   0   0   0   0   0   0
  0.00  1.00  1.00  0.00  0.00  0.00  0.00  0.00  0.00  0.00  0.00  0.00  0.00  0.00  0.00  0.00  0.00  0.00  0.00  0.00  0.00  0.00  0.00
           0
  0.00
   1.04404
NaNO2(aq)                         0.00  3.00
   2   1  12   0   0   0   0   0   0   0   0   0   0   0   0   0   0   0   0   0   0   0   0
  0.00  1.00  1.00  0.00  0.00  0.00  0.00  0.00  0.00  0.00  0.00  0.00  0.00  0.00  0.00  0.00  0.00  0.00  0.00  0.00  0.00  0.00  0.00
           0
  0.00
   0.97412
NaOH(aq)                          0.00  3.00
   2   1   9   0   0   0   0   0   0   0   0   0   0   0   0   0   0   0   0   0   0   0   0
  0.00  1.00 -1.00  0.00  0.00  0.00  0.00  0.00  0.00  0.00  0.00  0.00  0.00  0.00  0.00  0.00  0.00  0.00  0.00  0.00  0.00  0.00  0.00
           1
  1.00
  14.79480
NaSO4-                           -1.00  4.00
   2   1  15   0   0   0   0   0   0   0   0   0   0   0   0   0   0   0   0   0   0   0   0
  0.00  1.00  1.00  0.00  0.00  0.00  0.00  0.00  0.00  0.00  0.00  0.00  0.00  0.00  0.00  0.00  0.00  0.00  0.00  0.00  0.00  0.00  0.00
           0
  0.00
  -0.82000
CaCO3(aq)                         0.00  3.00
   3   2   9  13   0   0   0   0   0   0   0   0   0   0   0   0   0   0   0   0   0   0   0
  0.00  1.00 -1.00  1.00  0.00  0.00  0.00  0.00  0.00  0.00  0.00  0.00  0.00  0.00  0.00  0.00  0.00  0.00  0.00  0.00  0.00  0.00  0.00
           0
  0.00
   7.00170
CaHCO3+                           1.00  4.00
   2   2  13   0   0   0   0   0   0   0   0   0   0   0   0   0   0   0   0   0   0   0   0
  0.00  1.00  1.00  0.00  0.00  0.00  0.00  0.00  0.00  0.00  0.00  0.00  0.00  0.00  0.00  0.00  0.00  0.00  0.00  0.00  0.00  0.00  0.00
           0
  0.00
  -1.04670
MgCO3(aq)                         0.00  3.00
   3   8   9  13   0   0   0   0   0   0   0   0   0   0   0   0   0   0   0   0   0   0   0
  0.00  1.00 -1.00  1.00  0.00  0.00  0.00  0.00  0.00  0.00  0.00  0.00  0.00  0.00  0.00  0.00  0.00  0.00  0.00  0.00  0.00  0.00  0.00
           0
  0.00
   7.34990
MgHCO3+                           1.00  4.00
   2   8  13   0   0   0   0   0   0   0   0   0   0   0   0   0   0   0   0   0   0   0   0
  0.00  1.00  1.00  0.00  0.00  0.00  0.00  0.00  0.00  0.00  0.00  0.00  0.00  0.00  0.00  0.00  0.00  0.00  0.00  0.00  0.00  0.00  0.00
           0
  0.00
  -1.03570
KCl(aq)                           0.00  3.00
   2   5  14   0   0   0   0   0   0   0   0   0   0   0   0   0   0   0   0   0   0   0   0
  0.00  1.00  1.00  0.00  0.00  0.00  0.00  0.00  0.00  0.00  0.00  0.00  0.00  0.00  0.00  0.00  0.00  0.00  0.00  0.00  0.00  0.00  0.00
           0
  0.00
   1.49460
KHPO4-                           -1.00  4.00
   2   5  16   0   0   0   0   0   0   0   0   0   0   0   0   0   0   0   0   0   0   0   0
  0.00  1.00  1.00  0.00  0.00  0.00  0.00  0.00  0.00  0.00  0.00  0.00  0.00  0.00  0.00  0.00  0.00  0.00  0.00  0.00  0.00  0.00  0.00
           0
  0.00
  -0.78000
KHSO4(aq)                         0.00  3.00
   3   5   9  15   0   0   0   0   0   0   0   0   0   0   0   0   0   0   0   0   0   0   0
  0.00  1.00  1.00  1.00  0.00  0.00  0.00  0.00  0.00  0.00  0.00  0.00  0.00  0.00  0.00  0.00  0.00  0.00  0.00  0.00  0.00  0.00  0.00
           0
  0.00
  -0.81360
KOH(aq)                           0.00  3.00
   2   5   9   0   0   0   0   0   0   0   0   0   0   0   0   0   0   0   0   0   0   0   0
  0.00  1.00 -1.00  0.00  0.00  0.00  0.00  0.00  0.00  0.00  0.00  0.00  0.00  0.00  0.00  0.00  0.00  0.00  0.00  0.00  0.00  0.00  0.00
           1
  1.00
  14.46000
KP2O7---                         -3.00  4.00
   2   5  16   0   0   0   0   0   0   0   0   0   0   0   0   0   0   0   0   0   0   0   0
  0.00  1.00  2.00  0.00  0.00  0.00  0.00  0.00  0.00  0.00  0.00  0.00  0.00  0.00  0.00  0.00  0.00  0.00  0.00  0.00  0.00  0.00  0.00
           1
 -1.00
   1.42860
KSO4-                            -1.00  4.00
   2   5  15   0   0   0   0   0   0   0   0   0   0   0   0   0   0   0   0   0   0   0   0
  0.00  1.00  1.00  0.00  0.00  0.00  0.00  0.00  0.00  0.00  0.00  0.00  0.00  0.00  0.00  0.00  0.00  0.00  0.00  0.00  0.00  0.00  0.00
           0
  0.00
  -0.87960
Mn+++                             3.00  5.00
   3   7   9  21   0   0   0   0   0   0   0   0   0   0   0   0   0   0   0   0   0   0   0
  0.00  1.00  1.00  0.25  0.00  0.00  0.00  0.00  0.00  0.00  0.00  0.00  0.00  0.00  0.00  0.00  0.00  0.00  0.00  0.00  0.00  0.00  0.00
           1
 -0.50
   4.08113
MnO4--                           -2.00  4.00
   3   7   9  21   0   0   0   0   0   0   0   0   0   0   0   0   0   0   0   0   0   0   0
  0.00  1.00 -4.00  1.00  0.00  0.00  0.00  0.00  0.00  0.00  0.00  0.00  0.00  0.00  0.00  0.00  0.00  0.00  0.00  0.00  0.00  0.00  0.00
           1
  2.00
  32.41460
Mn(NO3)2(aq)                      0.00  3.00
   2   7  11   0   0   0   0   0   0   0   0   0   0   0   0   0   0   0   0   0   0   0   0
  0.00  1.00  2.00  0.00  0.00  0.00  0.00  0.00  0.00  0.00  0.00  0.00  0.00  0.00  0.00  0.00  0.00  0.00  0.00  0.00  0.00  0.00  0.00
           0
  0.00
  -0.60000
Mn(OH)2(aq)                       0.00  3.00
   2   7   9   0   0   0   0   0   0   0   0   0   0   0   0   0   0   0   0   0   0   0   0
  0.00  1.00 -2.00  0.00  0.00  0.00  0.00  0.00  0.00  0.00  0.00  0.00  0.00  0.00  0.00  0.00  0.00  0.00  0.00  0.00  0.00  0.00  0.00
           1
  2.00
  22.20000
Mn(OH)3-                         -1.00  4.00
   2   7   9   0   0   0   0   0   0   0   0   0   0   0   0   0   0   0   0   0   0   0   0
  0.00  1.00 -3.00  0.00  0.00  0.00  0.00  0.00  0.00  0.00  0.00  0.00  0.00  0.00  0.00  0.00  0.00  0.00  0.00  0.00  0.00  0.00  0.00
           1
  3.00
  34.22780
Mn(OH)4--                        -2.00  4.00
   2   7   9   0   0   0   0   0   0   0   0   0   0   0   0   0   0   0   0   0   0   0   0
  0.00  1.00 -4.00  0.00  0.00  0.00  0.00  0.00  0.00  0.00  0.00  0.00  0.00  0.00  0.00  0.00  0.00  0.00  0.00  0.00  0.00  0.00  0.00
           1
  4.00
  48.30000
Mn2(OH)3+                         1.00  4.00
   2   7   9   0   0   0   0   0   0   0   0   0   0   0   0   0   0   0   0   0   0   0   0
  0.00  2.00 -3.00  0.00  0.00  0.00  0.00  0.00  0.00  0.00  0.00  0.00  0.00  0.00  0.00  0.00  0.00  0.00  0.00  0.00  0.00  0.00  0.00
           1
  3.00
  23.90000
Mn2OH+++                          3.00  5.00
   2   7   9   0   0   0   0   0   0   0   0   0   0   0   0   0   0   0   0   0   0   0   0
  0.00  2.00 -1.00  0.00  0.00  0.00  0.00  0.00  0.00  0.00  0.00  0.00  0.00  0.00  0.00  0.00  0.00  0.00  0.00  0.00  0.00  0.00  0.00
           1
  1.00
  10.56000
MnCO3(aq)                         0.00  3.00
   3   7   9  13   0   0   0   0   0   0   0   0   0   0   0   0   0   0   0   0   0   0   0
  0.00  1.00 -1.00  1.00  0.00  0.00  0.00  0.00  0.00  0.00  0.00  0.00  0.00  0.00  0.00  0.00  0.00  0.00  0.00  0.00  0.00  0.00  0.00
           0
  0.00
   5.80880
MnCl+                             1.00  4.00
   2   7  14   0   0   0   0   0   0   0   0   0   0   0   0   0   0   0   0   0   0   0   0
  0.00  1.00  1.00  0.00  0.00  0.00  0.00  0.00  0.00  0.00  0.00  0.00  0.00  0.00  0.00  0.00  0.00  0.00  0.00  0.00  0.00  0.00  0.00
           0
  0.00
  -0.30130
MnCl3-                           -1.00  4.00
   2   7  14   0   0   0   0   0   0   0   0   0   0   0   0   0   0   0   0   0   0   0   0
  0.00  1.00  3.00  0.00  0.00  0.00  0.00  0.00  0.00  0.00  0.00  0.00  0.00  0.00  0.00  0.00  0.00  0.00  0.00  0.00  0.00  0.00  0.00
           0
  0.00
   0.33240
MnF+                              1.00  4.00
   2   7  17   0   0   0   0   0   0   0   0   0   0   0   0   0   0   0   0   0   0   0   0
  0.00  1.00  1.00  0.00  0.00  0.00  0.00  0.00  0.00  0.00  0.00  0.00  0.00  0.00  0.00  0.00  0.00  0.00  0.00  0.00  0.00  0.00  0.00
           0
  0.00
  -1.43000
MnH2PO4+                          1.00  4.00
   3   7   9  16   0   0   0   0   0   0   0   0   0   0   0   0   0   0   0   0   0   0   0
  0.00  1.00  1.00  1.00  0.00  0.00  0.00  0.00  0.00  0.00  0.00  0.00  0.00  0.00  0.00  0.00  0.00  0.00  0.00  0.00  0.00  0.00  0.00
           0
  0.00
  -8.55540
MnHCO3+                           1.00  4.00
   2   7  13   0   0   0   0   0   0   0   0   0   0   0   0   0   0   0   0   0   0   0   0
  0.00  1.00  1.00  0.00  0.00  0.00  0.00  0.00  0.00  0.00  0.00  0.00  0.00  0.00  0.00  0.00  0.00  0.00  0.00  0.00  0.00  0.00  0.00
           0
  0.00
  -0.88160
MnHPO4(aq)                        0.00  3.00
   2   7  16   0   0   0   0   0   0   0   0   0   0   0   0   0   0   0   0   0   0   0   0
  0.00  1.00  1.00  0.00  0.00  0.00  0.00  0.00  0.00  0.00  0.00  0.00  0.00  0.00  0.00  0.00  0.00  0.00  0.00  0.00  0.00  0.00  0.00
           0
  0.00
  -3.58000
MnNO3+                            1.00  4.00
   2   7  11   0   0   0   0   0   0   0   0   0   0   0   0   0   0   0   0   0   0   0   0
  0.00  1.00  1.00  0.00  0.00  0.00  0.00  0.00  0.00  0.00  0.00  0.00  0.00  0.00  0.00  0.00  0.00  0.00  0.00  0.00  0.00  0.00  0.00
           0
  0.00
  -0.20000
MnO4-                            -1.00  3.50
   3   7   9  21   0   0   0   0   0   0   0   0   0   0   0   0   0   0   0   0   0   0   0
  0.00  1.00 -3.00  1.25  0.00  0.00  0.00  0.00  0.00  0.00  0.00  0.00  0.00  0.00  0.00  0.00  0.00  0.00  0.00  0.00  0.00  0.00  0.00
           1
  1.50
  20.29632
MnOH+                             1.00  4.00
   2   7   9   0   0   0   0   0   0   0   0   0   0   0   0   0   0   0   0   0   0   0   0
  0.00  1.00 -1.00  0.00  0.00  0.00  0.00  0.00  0.00  0.00  0.00  0.00  0.00  0.00  0.00  0.00  0.00  0.00  0.00  0.00  0.00  0.00  0.00
           1
  1.00
  10.59000
MnPO4-                           -1.00  4.00
   3   7   9  16   0   0   0   0   0   0   0   0   0   0   0   0   0   0   0   0   0   0   0
  0.00  1.00 -1.00  1.00  0.00  0.00  0.00  0.00  0.00  0.00  0.00  0.00  0.00  0.00  0.00  0.00  0.00  0.00  0.00  0.00  0.00  0.00  0.00
           0
  0.00
   5.13180
MnSO4(aq)                         0.00  3.00
   2   7  15   0   0   0   0   0   0   0   0   0   0   0   0   0   0   0   0   0   0   0   0
  0.00  1.00  1.00  0.00  0.00  0.00  0.00  0.00  0.00  0.00  0.00  0.00  0.00  0.00  0.00  0.00  0.00  0.00  0.00  0.00  0.00  0.00  0.00
           0
  0.00
  -2.35290
Fe+++                             3.00  9.00
   3   4   9  21   0   0   0   0   0   0   0   0   0   0   0   0   0   0   0   0   0   0   0
  0.00  1.00  1.00  0.25  0.00  0.00  0.00  0.00  0.00  0.00  0.00  0.00  0.00  0.00  0.00  0.00  0.00  0.00  0.00  0.00  0.00  0.00  0.00
           1
 -0.50
  -8.48997
Fe(SO4)2-                        -1.00  4.00
   4   4   9  15  21   0   0   0   0   0   0   0   0   0   0   0   0   0   0   0   0   0   0
  0.00  1.00  1.00  2.00  0.25  0.00  0.00  0.00  0.00  0.00  0.00  0.00  0.00  0.00  0.00  0.00  0.00  0.00  0.00  0.00  0.00  0.00  0.00
           1
 -0.50
 -11.70367
Fe2(OH)2++++                      4.00  5.50
   2   4  21   0   0   0   0   0   0   0   0   0   0   0   0   0   0   0   0   0   0   0   0
  0.00  2.00  0.50  0.00  0.00  0.00  0.00  0.00  0.00  0.00  0.00  0.00  0.00  0.00  0.00  0.00  0.00  0.00  0.00  0.00  0.00  0.00  0.00
           1
  1.00
 -14.02995
Fe3(OH)4(5+)                      5.00  6.00
   3   4   9  21   0   0   0   0   0   0   0   0   0   0   0   0   0   0   0   0   0   0   0
  0.00  3.00 -1.00  0.75  0.00  0.00  0.00  0.00  0.00  0.00  0.00  0.00  0.00  0.00  0.00  0.00  0.00  0.00  0.00  0.00  0.00  0.00  0.00
           1
  2.50
 -19.16992
Fe(OH)2(aq)                       0.00  3.00
   2   4   9   0   0   0   0   0   0   0   0   0   0   0   0   0   0   0   0   0   0   0   0
  0.00  1.00 -2.00  0.00  0.00  0.00  0.00  0.00  0.00  0.00  0.00  0.00  0.00  0.00  0.00  0.00  0.00  0.00  0.00  0.00  0.00  0.00  0.00
           1
  2.00
  20.60000
Fe(OH)2+                          1.00  4.00
   3   4   9  21   0   0   0   0   0   0   0   0   0   0   0   0   0   0   0   0   0   0   0
  0.00  1.00 -1.00  0.25  0.00  0.00  0.00  0.00  0.00  0.00  0.00  0.00  0.00  0.00  0.00  0.00  0.00  0.00  0.00  0.00  0.00  0.00  0.00
           1
  1.50
  -2.81997
Fe(OH)3(aq)                       0.00  3.00
   3   4   9  21   0   0   0   0   0   0   0   0   0   0   0   0   0   0   0   0   0   0   0
  0.00  1.00 -2.00  0.25  0.00  0.00  0.00  0.00  0.00  0.00  0.00  0.00  0.00  0.00  0.00  0.00  0.00  0.00  0.00  0.00  0.00  0.00  0.00
           1
  2.50
   3.51002
Fe(OH)3-                         -1.00  4.00
   2   4   9   0   0   0   0   0   0   0   0   0   0   0   0   0   0   0   0   0   0   0   0
  0.00  1.00 -3.00  0.00  0.00  0.00  0.00  0.00  0.00  0.00  0.00  0.00  0.00  0.00  0.00  0.00  0.00  0.00  0.00  0.00  0.00  0.00  0.00
           1
  3.00
  31.00000
Fe(OH)4-                         -1.00  4.00
   3   4   9  21   0   0   0   0   0   0   0   0   0   0   0   0   0   0   0   0   0   0   0
  0.00  1.00 -3.00  0.25  0.00  0.00  0.00  0.00  0.00  0.00  0.00  0.00  0.00  0.00  0.00  0.00  0.00  0.00  0.00  0.00  0.00  0.00  0.00
           1
  3.50
  13.11003
Fe(OH)4--                        -2.00  4.00
   2   4   9   0   0   0   0   0   0   0   0   0   0   0   0   0   0   0   0   0   0   0   0
  0.00  1.00 -4.00  0.00  0.00  0.00  0.00  0.00  0.00  0.00  0.00  0.00  0.00  0.00  0.00  0.00  0.00  0.00  0.00  0.00  0.00  0.00  0.00
           1
  4.00
  46.00000
FeCO3(aq)                         0.00  3.00
   3   4   9  13   0   0   0   0   0   0   0   0   0   0   0   0   0   0   0   0   0   0   0
  0.00  1.00 -1.00  1.00  0.00  0.00  0.00  0.00  0.00  0.00  0.00  0.00  0.00  0.00  0.00  0.00  0.00  0.00  0.00  0.00  0.00  0.00  0.00
           0
  0.00
   5.59880
FeCO3+                            1.00  4.00
   3   4  13  21   0   0   0   0   0   0   0   0   0   0   0   0   0   0   0   0   0   0   0
  0.00  1.00  1.00  0.25  0.00  0.00  0.00  0.00  0.00  0.00  0.00  0.00  0.00  0.00  0.00  0.00  0.00  0.00  0.00  0.00  0.00  0.00  0.00
           1
 -0.50
  -7.88117
FeCl+                             1.00  4.00
   2   4  14   0   0   0   0   0   0   0   0   0   0   0   0   0   0   0   0   0   0   0   0
  0.00  1.00  1.00  0.00  0.00  0.00  0.00  0.00  0.00  0.00  0.00  0.00  0.00  0.00  0.00  0.00  0.00  0.00  0.00  0.00  0.00  0.00  0.00
           0
  0.00
   0.16050
FeCl++                            2.00  4.50
   4   4   9  14  21   0   0   0   0   0   0   0   0   0   0   0   0   0   0   0   0   0   0
  0.00  1.00  1.00  1.00  0.25  0.00  0.00  0.00  0.00  0.00  0.00  0.00  0.00  0.00  0.00  0.00  0.00  0.00  0.00  0.00  0.00  0.00  0.00
           1
 -0.50
  -7.67917
FeCl2(aq)                         0.00  3.00
   2   4  14   0   0   0   0   0   0   0   0   0   0   0   0   0   0   0   0   0   0   0   0
  0.00  1.00  2.00  0.00  0.00  0.00  0.00  0.00  0.00  0.00  0.00  0.00  0.00  0.00  0.00  0.00  0.00  0.00  0.00  0.00  0.00  0.00  0.00
           0
  0.00
   2.45410
FeCl2+                            1.00  4.00
   4   4   9  14  21   0   0   0   0   0   0   0   0   0   0   0   0   0   0   0   0   0   0
  0.00  1.00  1.00  2.00  0.25  0.00  0.00  0.00  0.00  0.00  0.00  0.00  0.00  0.00  0.00  0.00  0.00  0.00  0.00  0.00  0.00  0.00  0.00
           1
 -0.50
 -10.61998
FeCl4-                           -1.00  4.00
   4   4   9  14  21   0   0   0   0   0   0   0   0   0   0   0   0   0   0   0   0   0   0
  0.00  1.00  1.00  4.00  0.25  0.00  0.00  0.00  0.00  0.00  0.00  0.00  0.00  0.00  0.00  0.00  0.00  0.00  0.00  0.00  0.00  0.00  0.00
           1
 -0.50
  -7.69997
FeCl4--                          -2.00  4.00
   2   4  14   0   0   0   0   0   0   0   0   0   0   0   0   0   0   0   0   0   0   0   0
  0.00  1.00  4.00  0.00  0.00  0.00  0.00  0.00  0.00  0.00  0.00  0.00  0.00  0.00  0.00  0.00  0.00  0.00  0.00  0.00  0.00  0.00  0.00
           0
  0.00
  -1.90000
FeF+                              1.00  4.00
   2   4  17   0   0   0   0   0   0   0   0   0   0   0   0   0   0   0   0   0   0   0   0
  0.00  1.00  1.00  0.00  0.00  0.00  0.00  0.00  0.00  0.00  0.00  0.00  0.00  0.00  0.00  0.00  0.00  0.00  0.00  0.00  0.00  0.00  0.00
           0
  0.00
  -1.36000
FeF++                             2.00  4.50
   4   4   9  17  21   0   0   0   0   0   0   0   0   0   0   0   0   0   0   0   0   0   0
  0.00  1.00  1.00  1.00  0.25  0.00  0.00  0.00  0.00  0.00  0.00  0.00  0.00  0.00  0.00  0.00  0.00  0.00  0.00  0.00  0.00  0.00  0.00
           1
 -0.50
 -12.62647
FeF2+                             1.00  4.00
   4   4   9  17  21   0   0   0   0   0   0   0   0   0   0   0   0   0   0   0   0   0   0
  0.00  1.00  1.00  2.00  0.25  0.00  0.00  0.00  0.00  0.00  0.00  0.00  0.00  0.00  0.00  0.00  0.00  0.00  0.00  0.00  0.00  0.00  0.00
           1
 -0.50
 -16.83978
FeH2PO4+                          1.00  4.00
   3   4   9  16   0   0   0   0   0   0   0   0   0   0   0   0   0   0   0   0   0   0   0
  0.00  1.00  1.00  1.00  0.00  0.00  0.00  0.00  0.00  0.00  0.00  0.00  0.00  0.00  0.00  0.00  0.00  0.00  0.00  0.00  0.00  0.00  0.00
           0
  0.00
  -2.70000
FeH2PO4++                         2.00  4.50
   4   4   9  16  21   0   0   0   0   0   0   0   0   0   0   0   0   0   0   0   0   0   0
  0.00  1.00  2.00  1.00  0.25  0.00  0.00  0.00  0.00  0.00  0.00  0.00  0.00  0.00  0.00  0.00  0.00  0.00  0.00  0.00  0.00  0.00  0.00
           1
 -0.50
 -12.65997
FeHCO3+                           1.00  4.00
   2   4  13   0   0   0   0   0   0   0   0   0   0   0   0   0   0   0   0   0   0   0   0
  0.00  1.00  1.00  0.00  0.00  0.00  0.00  0.00  0.00  0.00  0.00  0.00  0.00  0.00  0.00  0.00  0.00  0.00  0.00  0.00  0.00  0.00  0.00
           0
  0.00
  -2.72000
FeHPO4(aq)                        0.00  3.00
   2   4  16   0   0   0   0   0   0   0   0   0   0   0   0   0   0   0   0   0   0   0   0
  0.00  1.00  1.00  0.00  0.00  0.00  0.00  0.00  0.00  0.00  0.00  0.00  0.00  0.00  0.00  0.00  0.00  0.00  0.00  0.00  0.00  0.00  0.00
           0
  0.00
  -3.60000
FeHPO4+                           1.00  4.00
   4   4   9  16  21   0   0   0   0   0   0   0   0   0   0   0   0   0   0   0   0   0   0
  0.00  1.00  1.00  1.00  0.25  0.00  0.00  0.00  0.00  0.00  0.00  0.00  0.00  0.00  0.00  0.00  0.00  0.00  0.00  0.00  0.00  0.00  0.00
           1
 -0.50
 -18.66998
FeNO3++                           2.00  4.50
   4   4   9  11  21   0   0   0   0   0   0   0   0   0   0   0   0   0   0   0   0   0   0
  0.00  1.00  1.00  1.00  0.25  0.00  0.00  0.00  0.00  0.00  0.00  0.00  0.00  0.00  0.00  0.00  0.00  0.00  0.00  0.00  0.00  0.00  0.00
           1
 -0.50
  -9.48998
FeOH+                             1.00  4.00
   2   4   9   0   0   0   0   0   0   0   0   0   0   0   0   0   0   0   0   0   0   0   0
  0.00  1.00 -1.00  0.00  0.00  0.00  0.00  0.00  0.00  0.00  0.00  0.00  0.00  0.00  0.00  0.00  0.00  0.00  0.00  0.00  0.00  0.00  0.00
           1
  1.00
   9.50000
FeOH++                            2.00  4.50
   2   4  21   0   0   0   0   0   0   0   0   0   0   0   0   0   0   0   0   0   0   0   0
  0.00  1.00  0.25  0.00  0.00  0.00  0.00  0.00  0.00  0.00  0.00  0.00  0.00  0.00  0.00  0.00  0.00  0.00  0.00  0.00  0.00  0.00  0.00
           1
  0.50
  -6.29998
FePO4-                           -1.00  4.00
   3   4   9  16   0   0   0   0   0   0   0   0   0   0   0   0   0   0   0   0   0   0   0
  0.00  1.00 -1.00  1.00  0.00  0.00  0.00  0.00  0.00  0.00  0.00  0.00  0.00  0.00  0.00  0.00  0.00  0.00  0.00  0.00  0.00  0.00  0.00
           0
  0.00
   4.39180
FeSO4(aq)                         0.00  3.00
   2   4  15   0   0   0   0   0   0   0   0   0   0   0   0   0   0   0   0   0   0   0   0
  0.00  1.00  1.00  0.00  0.00  0.00  0.00  0.00  0.00  0.00  0.00  0.00  0.00  0.00  0.00  0.00  0.00  0.00  0.00  0.00  0.00  0.00  0.00
           0
  0.00
  -2.20000
FeSO4+                            1.00  4.00
   4   4   9  15  21   0   0   0   0   0   0   0   0   0   0   0   0   0   0   0   0   0   0
  0.00  1.00  1.00  1.00  0.25  0.00  0.00  0.00  0.00  0.00  0.00  0.00  0.00  0.00  0.00  0.00  0.00  0.00  0.00  0.00  0.00  0.00  0.00
           1
 -0.50
 -10.41757
AlOH++                            2.00  4.50
   2   6   9   0   0   0   0   0   0   0   0   0   0   0   0   0   0   0   0   0   0   0   0
  0.00  1.00 -1.00  0.00  0.00  0.00  0.00  0.00  0.00  0.00  0.00  0.00  0.00  0.00  0.00  0.00  0.00  0.00  0.00  0.00  0.00  0.00  0.00
           1
  1.00
   4.95710
Al(OH)2+                          1.00  4.00
   2   6   9   0   0   0   0   0   0   0   0   0   0   0   0   0   0   0   0   0   0   0   0
  0.00  1.00 -2.00  0.00  0.00  0.00  0.00  0.00  0.00  0.00  0.00  0.00  0.00  0.00  0.00  0.00  0.00  0.00  0.00  0.00  0.00  0.00  0.00
           1
  2.00
  10.59450
Al(OH)3(aq)                       0.00  3.00
   2   6   9   0   0   0   0   0   0   0   0   0   0   0   0   0   0   0   0   0   0   0   0
  0.00  1.00 -3.00  0.00  0.00  0.00  0.00  0.00  0.00  0.00  0.00  0.00  0.00  0.00  0.00  0.00  0.00  0.00  0.00  0.00  0.00  0.00  0.00
           1
  3.00
  16.15770
Al(OH)4-                         -1.00  4.00
   2   6   9   0   0   0   0   0   0   0   0   0   0   0   0   0   0   0   0   0   0   0   0
  0.00  1.00 -4.00  0.00  0.00  0.00  0.00  0.00  0.00  0.00  0.00  0.00  0.00  0.00  0.00  0.00  0.00  0.00  0.00  0.00  0.00  0.00  0.00
           1
  4.00
  22.88330
HSO4-                            -1.00  4.00
   2   9  15   0   0   0   0   0   0   0   0   0   0   0   0   0   0   0   0   0   0   0   0
  0.00  1.00  1.00  0.00  0.00  0.00  0.00  0.00  0.00  0.00  0.00  0.00  0.00  0.00  0.00  0.00  0.00  0.00  0.00  0.00  0.00  0.00  0.00
           0
  0.00
  -1.97910
H2SO4(aq)                         0.00  3.00
   2   9  15   0   0   0   0   0   0   0   0   0   0   0   0   0   0   0   0   0   0   0   0
  0.00  2.00  1.00  0.00  0.00  0.00  0.00  0.00  0.00  0.00  0.00  0.00  0.00  0.00  0.00  0.00  0.00  0.00  0.00  0.00  0.00  0.00  0.00
           0
  0.00
   1.02090
HCl(aq)                           0.00  3.00
   2   9  14   0   0   0   0   0   0   0   0   0   0   0   0   0   0   0   0   0   0   0   0
  0.00  1.00  1.00  0.00  0.00  0.00  0.00  0.00  0.00  0.00  0.00  0.00  0.00  0.00  0.00  0.00  0.00  0.00  0.00  0.00  0.00  0.00  0.00
           0
  0.00
  -0.67000
HNO2(aq)                          0.00  3.00
   2   9  12   0   0   0   0   0   0   0   0   0   0   0   0   0   0   0   0   0   0   0   0
  0.00  1.00  1.00  0.00  0.00  0.00  0.00  0.00  0.00  0.00  0.00  0.00  0.00  0.00  0.00  0.00  0.00  0.00  0.00  0.00  0.00  0.00  0.00
           0
  0.00
  -3.22060
HNO3(aq)                          0.00  3.00
   2   9  11   0   0   0   0   0   0   0   0   0   0   0   0   0   0   0   0   0   0   0   0
  0.00  1.00  1.00  0.00  0.00  0.00  0.00  0.00  0.00  0.00  0.00  0.00  0.00  0.00  0.00  0.00  0.00  0.00  0.00  0.00  0.00  0.00  0.00
           0
  0.00
   1.30250
HO2-                             -1.00  4.00
   2   9  21   0   0   0   0   0   0   0   0   0   0   0   0   0   0   0   0   0   0   0   0
  0.00 -1.00  0.50  0.00  0.00  0.00  0.00  0.00  0.00  0.00  0.00  0.00  0.00  0.00  0.00  0.00  0.00  0.00  0.00  0.00  0.00  0.00  0.00
           1
  1.00
  28.30195
NH3(aq)                           0.00  3.00
   2   9  10   0   0   0   0   0   0   0   0   0   0   0   0   0   0   0   0   0   0   0   0
  0.00 -1.00  1.00  0.00  0.00  0.00  0.00  0.00  0.00  0.00  0.00  0.00  0.00  0.00  0.00  0.00  0.00  0.00  0.00  0.00  0.00  0.00  0.00
           0
  0.00
   9.24100
N2(aq)                            0.00  3.00
   3   9  10  21   0   0   0   0   0   0   0   0   0   0   0   0   0   0   0   0   0   0   0
  0.00 -2.00  2.00  1.50  0.00  0.00  0.00  0.00  0.00  0.00  0.00  0.00  0.00  0.00  0.00  0.00  0.00  0.00  0.00  0.00  0.00  0.00  0.00
           1
 -3.00
 -97.97895
N3-                              -1.00  4.00
   3   9  10  21   0   0   0   0   0   0   0   0   0   0   0   0   0   0   0   0   0   0   0
  0.00 -4.00  3.00  2.00  0.00  0.00  0.00  0.00  0.00  0.00  0.00  0.00  0.00  0.00  0.00  0.00  0.00  0.00  0.00  0.00  0.00  0.00  0.00
           1
 -4.00
 -69.24500
HS-                              -1.00  3.50
   3   9  15  21   0   0   0   0   0   0   0   0   0   0   0   0   0   0   0   0   0   0   0
  0.00  1.00  1.00 -2.00  0.00  0.00  0.00  0.00  0.00  0.00  0.00  0.00  0.00  0.00  0.00  0.00  0.00  0.00  0.00  0.00  0.00  0.00  0.00
           0
  0.00
 138.31690
H2S(aq)                           0.00  3.00
   3   9  15  21   0   0   0   0   0   0   0   0   0   0   0   0   0   0   0   0   0   0   0
  0.00  2.00  1.00 -2.00  0.00  0.00  0.00  0.00  0.00  0.00  0.00  0.00  0.00  0.00  0.00  0.00  0.00  0.00  0.00  0.00  0.00  0.00  0.00
           0
  0.00
 131.32920
Cu+                               1.00  4.00
   3   9  19  21   0   0   0   0   0   0   0   0   0   0   0   0   0   0   0   0   0   0   0
  0.00 -1.00  1.00 -0.25  0.00  0.00  0.00  0.00  0.00  0.00  0.00  0.00  0.00  0.00  0.00  0.00  0.00  0.00  0.00  0.00  0.00  0.00  0.00
           1
  0.50
  18.77038
Cu(CO3)2--                       -2.00  4.00
   3   9  13  19   0   0   0   0   0   0   0   0   0   0   0   0   0   0   0   0   0   0   0
  0.00 -2.00  2.00  1.00  0.00  0.00  0.00  0.00  0.00  0.00  0.00  0.00  0.00  0.00  0.00  0.00  0.00  0.00  0.00  0.00  0.00  0.00  0.00
           0
  0.00
  10.47570
CuCO3(OH)2--                     -2.00  4.00
   3   9  13  19   0   0   0   0   0   0   0   0   0   0   0   0   0   0   0   0   0   0   0
  0.00 -3.00  1.00  1.00  0.00  0.00  0.00  0.00  0.00  0.00  0.00  0.00  0.00  0.00  0.00  0.00  0.00  0.00  0.00  0.00  0.00  0.00  0.00
           1
  2.00
  23.44400
CuCO3(aq)                         0.00  3.00
   3   9  13  19   0   0   0   0   0   0   0   0   0   0   0   0   0   0   0   0   0   0   0
  0.00 -1.00  1.00  1.00  0.00  0.00  0.00  0.00  0.00  0.00  0.00  0.00  0.00  0.00  0.00  0.00  0.00  0.00  0.00  0.00  0.00  0.00  0.00
           0
  0.00
   3.37350
CuCl+                             1.00  4.00
   2  14  19   0   0   0   0   0   0   0   0   0   0   0   0   0   0   0   0   0   0   0   0
  0.00  1.00  1.00  0.00  0.00  0.00  0.00  0.00  0.00  0.00  0.00  0.00  0.00  0.00  0.00  0.00  0.00  0.00  0.00  0.00  0.00  0.00  0.00
           0
  0.00
  -0.43700
CuCl2(aq)                         0.00  3.00
   2  14  19   0   0   0   0   0   0   0   0   0   0   0   0   0   0   0   0   0   0   0   0
  0.00  2.00  1.00  0.00  0.00  0.00  0.00  0.00  0.00  0.00  0.00  0.00  0.00  0.00  0.00  0.00  0.00  0.00  0.00  0.00  0.00  0.00  0.00
           0
  0.00
  -0.15850
CuCl2-                           -1.00  4.00
   4   9  14  19  21   0   0   0   0   0   0   0   0   0   0   0   0   0   0   0   0   0   0
  0.00 -1.00  2.00  1.00 -0.25  0.00  0.00  0.00  0.00  0.00  0.00  0.00  0.00  0.00  0.00  0.00  0.00  0.00  0.00  0.00  0.00  0.00  0.00
           1
  0.50
  13.94918
CuCl3--                          -2.00  4.00
   4   9  14  19  21   0   0   0   0   0   0   0   0   0   0   0   0   0   0   0   0   0   0
  0.00 -1.00  3.00  1.00 -0.25  0.00  0.00  0.00  0.00  0.00  0.00  0.00  0.00  0.00  0.00  0.00  0.00  0.00  0.00  0.00  0.00  0.00  0.00
           1
  0.50
  13.14148
CuCl4--                          -2.00  4.00
   2  14  19   0   0   0   0   0   0   0   0   0   0   0   0   0   0   0   0   0   0   0   0
  0.00  4.00  1.00  0.00  0.00  0.00  0.00  0.00  0.00  0.00  0.00  0.00  0.00  0.00  0.00  0.00  0.00  0.00  0.00  0.00  0.00  0.00  0.00
           0
  0.00
   4.56810
CuF+                              1.00  4.00
   2  17  19   0   0   0   0   0   0   0   0   0   0   0   0   0   0   0   0   0   0   0   0
  0.00  1.00  1.00  0.00  0.00  0.00  0.00  0.00  0.00  0.00  0.00  0.00  0.00  0.00  0.00  0.00  0.00  0.00  0.00  0.00  0.00  0.00  0.00
           0
  0.00
  -1.20000
CuH2PO4+                          1.00  4.00
   3   9  16  19   0   0   0   0   0   0   0   0   0   0   0   0   0   0   0   0   0   0   0
  0.00  1.00  1.00  1.00  0.00  0.00  0.00  0.00  0.00  0.00  0.00  0.00  0.00  0.00  0.00  0.00  0.00  0.00  0.00  0.00  0.00  0.00  0.00
           0
  0.00
  -8.96540
CuHPO4(aq)                        0.00  3.00
   2  16  19   0   0   0   0   0   0   0   0   0   0   0   0   0   0   0   0   0   0   0   0
  0.00  1.00  1.00  0.00  0.00  0.00  0.00  0.00  0.00  0.00  0.00  0.00  0.00  0.00  0.00  0.00  0.00  0.00  0.00  0.00  0.00  0.00  0.00
           0
  0.00
  -4.06000
CuO2--                           -2.00  4.00
   2   9  19   0   0   0   0   0   0   0   0   0   0   0   0   0   0   0   0   0   0   0   0
  0.00 -4.00  1.00  0.00  0.00  0.00  0.00  0.00  0.00  0.00  0.00  0.00  0.00  0.00  0.00  0.00  0.00  0.00  0.00  0.00  0.00  0.00  0.00
           1
  2.00
  39.44970
CuOH+                             1.00  4.00
   2   9  19   0   0   0   0   0   0   0   0   0   0   0   0   0   0   0   0   0   0   0   0
  0.00 -1.00  1.00  0.00  0.00  0.00  0.00  0.00  0.00  0.00  0.00  0.00  0.00  0.00  0.00  0.00  0.00  0.00  0.00  0.00  0.00  0.00  0.00
           1
  1.00
   7.28750
CuPO4-                           -1.00  4.00
   3   9  16  19   0   0   0   0   0   0   0   0   0   0   0   0   0   0   0   0   0   0   0
  0.00 -1.00  1.00  1.00  0.00  0.00  0.00  0.00  0.00  0.00  0.00  0.00  0.00  0.00  0.00  0.00  0.00  0.00  0.00  0.00  0.00  0.00  0.00
           0
  0.00
   2.47180
CuSO4(aq)                         0.00  0.00
   2  15  19   0   0   0   0   0   0   0   0   0   0   0   0   0   0   0   0   0   0   0   0
  0.00  1.00  1.00  0.00  0.00  0.00  0.00  0.00  0.00  0.00  0.00  0.00  0.00  0.00  0.00  0.00  0.00  0.00  0.00  0.00  0.00  0.00  0.00
           0
  0.00
  -2.36000
U+++                              3.00  5.00
   3   9  20  21   0   0   0   0   0   0   0   0   0   0   0   0   0   0   0   0   0   0   0
  0.00  1.00  1.00 -0.75  0.00  0.00  0.00  0.00  0.00  0.00  0.00  0.00  0.00  0.00  0.00  0.00  0.00  0.00  0.00  0.00  0.00  0.00  0.00
           1
 -0.50
  64.80282
U++++                             4.00  5.50
   3   9  20  21   0   0   0   0   0   0   0   0   0   0   0   0   0   0   0   0   0   0   0
  0.00  2.00  1.00 -0.50  0.00  0.00  0.00  0.00  0.00  0.00  0.00  0.00  0.00  0.00  0.00  0.00  0.00  0.00  0.00  0.00  0.00  0.00  0.00
           1
 -1.00
  33.94905
UO2+                              1.00  4.00
   3   9  20  21   0   0   0   0   0   0   0   0   0   0   0   0   0   0   0   0   0   0   0
  0.00 -1.00  1.00 -0.25  0.00  0.00  0.00  0.00  0.00  0.00  0.00  0.00  0.00  0.00  0.00  0.00  0.00  0.00  0.00  0.00  0.00  0.00  0.00
           1
  0.50
  20.01687
UO2OH+                            1.00  4.00
   2   9  20   0   0   0   0   0   0   0   0   0   0   0   0   0   0   0   0   0   0   0   0
  0.00 -1.00  1.00  0.00  0.00  0.00  0.00  0.00  0.00  0.00  0.00  0.00  0.00  0.00  0.00  0.00  0.00  0.00  0.00  0.00  0.00  0.00  0.00
           1
  1.00
   5.20730
UO2(OH)2(aq)                      0.00  3.00
   2   9  20   0   0   0   0   0   0   0   0   0   0   0   0   0   0   0   0   0   0   0   0
  0.00 -2.00  1.00  0.00  0.00  0.00  0.00  0.00  0.00  0.00  0.00  0.00  0.00  0.00  0.00  0.00  0.00  0.00  0.00  0.00  0.00  0.00  0.00
           1
  2.00
  10.31460
UO2(OH)3-                        -1.00  4.00
   2   9  20   0   0   0   0   0   0   0   0   0   0   0   0   0   0   0   0   0   0   0   0
  0.00 -3.00  1.00  0.00  0.00  0.00  0.00  0.00  0.00  0.00  0.00  0.00  0.00  0.00  0.00  0.00  0.00  0.00  0.00  0.00  0.00  0.00  0.00
           1
  3.00
  19.22180
UO2(OH)4--                       -2.00  4.00
   2   9  20   0   0   0   0   0   0   0   0   0   0   0   0   0   0   0   0   0   0   0   0
  0.00 -4.00  1.00  0.00  0.00  0.00  0.00  0.00  0.00  0.00  0.00  0.00  0.00  0.00  0.00  0.00  0.00  0.00  0.00  0.00  0.00  0.00  0.00
           1
  4.00
  33.02910
(UO2)2OH+++                       3.00  5.00
   2   9  20   0   0   0   0   0   0   0   0   0   0   0   0   0   0   0   0   0   0   0   0
  0.00 -1.00  2.00  0.00  0.00  0.00  0.00  0.00  0.00  0.00  0.00  0.00  0.00  0.00  0.00  0.00  0.00  0.00  0.00  0.00  0.00  0.00  0.00
           1
  1.00
   2.70720
(UO2)2(OH)2++                     2.00  4.50
   2   9  20   0   0   0   0   0   0   0   0   0   0   0   0   0   0   0   0   0   0   0   0
  0.00 -2.00  2.00  0.00  0.00  0.00  0.00  0.00  0.00  0.00  0.00  0.00  0.00  0.00  0.00  0.00  0.00  0.00  0.00  0.00  0.00  0.00  0.00
           1
  2.00
   5.63460
(UO2)3(OH)4++                     2.00  4.50
   2   9  20   0   0   0   0   0   0   0   0   0   0   0   0   0   0   0   0   0   0   0   0
  0.00 -4.00  3.00  0.00  0.00  0.00  0.00  0.00  0.00  0.00  0.00  0.00  0.00  0.00  0.00  0.00  0.00  0.00  0.00  0.00  0.00  0.00  0.00
           1
  4.00
  11.92900
(UO2)3(OH)5+                      1.00  4.00
   2   9  20   0   0   0   0   0   0   0   0   0   0   0   0   0   0   0   0   0   0   0   0
  0.00 -5.00  3.00  0.00  0.00  0.00  0.00  0.00  0.00  0.00  0.00  0.00  0.00  0.00  0.00  0.00  0.00  0.00  0.00  0.00  0.00  0.00  0.00
           1
  5.00
  15.58620
(UO2)3(OH)7-                     -1.00  4.00
   2   9  20   0   0   0   0   0   0   0   0   0   0   0   0   0   0   0   0   0   0   0   0
  0.00 -7.00  3.00  0.00  0.00  0.00  0.00  0.00  0.00  0.00  0.00  0.00  0.00  0.00  0.00  0.00  0.00  0.00  0.00  0.00  0.00  0.00  0.00
           1
  7.00
  31.05080
(UO2)4(OH)7+                      1.00  4.00
   2   9  20   0   0   0   0   0   0   0   0   0   0   0   0   0   0   0   0   0   0   0   0
  0.00 -7.00  4.00  0.00  0.00  0.00  0.00  0.00  0.00  0.00  0.00  0.00  0.00  0.00  0.00  0.00  0.00  0.00  0.00  0.00  0.00  0.00  0.00
           1
  7.00
  21.95080
UO2CO3(aq)                        0.00  3.00
   3   9  13  20   0   0   0   0   0   0   0   0   0   0   0   0   0   0   0   0   0   0   0
  0.00 -1.00  1.00  1.00  0.00  0.00  0.00  0.00  0.00  0.00  0.00  0.00  0.00  0.00  0.00  0.00  0.00  0.00  0.00  0.00  0.00  0.00  0.00
           0
  0.00
   0.66340
UO2(CO3)2--                      -2.00  4.00
   3   9  13  20   0   0   0   0   0   0   0   0   0   0   0   0   0   0   0   0   0   0   0
  0.00 -2.00  2.00  1.00  0.00  0.00  0.00  0.00  0.00  0.00  0.00  0.00  0.00  0.00  0.00  0.00  0.00  0.00  0.00  0.00  0.00  0.00  0.00
           0
  0.00
   3.74670
UO2(CO3)3----                    -4.00  4.00
   3   9  13  20   0   0   0   0   0   0   0   0   0   0   0   0   0   0   0   0   0   0   0
  0.00 -3.00  3.00  1.00  0.00  0.00  0.00  0.00  0.00  0.00  0.00  0.00  0.00  0.00  0.00  0.00  0.00  0.00  0.00  0.00  0.00  0.00  0.00
           0
  0.00
   9.43020
(UO2)2CO3(OH)3-                  -1.00  4.00
   3   9  13  20   0   0   0   0   0   0   0   0   0   0   0   0   0   0   0   0   0   0   0
  0.00 -4.00  1.00  2.00  0.00  0.00  0.00  0.00  0.00  0.00  0.00  0.00  0.00  0.00  0.00  0.00  0.00  0.00  0.00  0.00  0.00  0.00  0.00
           1
  3.00
  11.22290
Ca2UO2(CO3)3(aq)                  0.00  4.00
   4   2   9  13  20   0   0   0   0   0   0   0   0   0   0   0   0   0   0   0   0   0   0
  0.00  2.00 -3.00  3.00  1.00  0.00  0.00  0.00  0.00  0.00  0.00  0.00  0.00  0.00  0.00  0.00  0.00  0.00  0.00  0.00  0.00  0.00  0.00
           0
  0.00
   0.28640
CaUO2(CO3)3--                    -2.00  4.00
   4   2   9  13  20   0   0   0   0   0   0   0   0   0   0   0   0   0   0   0   0   0   0
  0.00  1.00 -3.00  3.00  1.00  0.00  0.00  0.00  0.00  0.00  0.00  0.00  0.00  0.00  0.00  0.00  0.00  0.00  0.00  0.00  0.00  0.00  0.00
           0
  0.00
   3.80640
UO2NO3+                           1.00  4.00
   2  11  20   0   0   0   0   0   0   0   0   0   0   0   0   0   0   0   0   0   0   0   0
  0.00  1.00  1.00  0.00  0.00  0.00  0.00  0.00  0.00  0.00  0.00  0.00  0.00  0.00  0.00  0.00  0.00  0.00  0.00  0.00  0.00  0.00  0.00
           0
  0.00
  -0.28050
UO2Cl+                            1.00  4.00
   2  14  20   0   0   0   0   0   0   0   0   0   0   0   0   0   0   0   0   0   0   0   0
  0.00  1.00  1.00  0.00  0.00  0.00  0.00  0.00  0.00  0.00  0.00  0.00  0.00  0.00  0.00  0.00  0.00  0.00  0.00  0.00  0.00  0.00  0.00
           0
  0.00
  -0.15720
UO2Cl2(aq)                        0.00  3.00
   2  14  20   0   0   0   0   0   0   0   0   0   0   0   0   0   0   0   0   0   0   0   0
  0.00  2.00  1.00  0.00  0.00  0.00  0.00  0.00  0.00  0.00  0.00  0.00  0.00  0.00  0.00  0.00  0.00  0.00  0.00  0.00  0.00  0.00  0.00
           0
  0.00
   1.12530
UO2SO4(aq)                        0.00  3.00
   2  15  20   0   0   0   0   0   0   0   0   0   0   0   0   0   0   0   0   0   0   0   0
  0.00  1.00  1.00  0.00  0.00  0.00  0.00  0.00  0.00  0.00  0.00  0.00  0.00  0.00  0.00  0.00  0.00  0.00  0.00  0.00  0.00  0.00  0.00
           0
  0.00
  -3.07030
UO2(SO4)2--                      -2.00  4.00
   2  15  20   0   0   0   0   0   0   0   0   0   0   0   0   0   0   0   0   0   0   0   0
  0.00  2.00  1.00  0.00  0.00  0.00  0.00  0.00  0.00  0.00  0.00  0.00  0.00  0.00  0.00  0.00  0.00  0.00  0.00  0.00  0.00  0.00  0.00
           0
  0.00
  -3.98060
UO2F+                             1.00  4.00
   2  17  20   0   0   0   0   0   0   0   0   0   0   0   0   0   0   0   0   0   0   0   0
  0.00  1.00  1.00  0.00  0.00  0.00  0.00  0.00  0.00  0.00  0.00  0.00  0.00  0.00  0.00  0.00  0.00  0.00  0.00  0.00  0.00  0.00  0.00
           0
  0.00
  -5.05020
UO2F2(aq)                         0.00  3.00
   2  17  20   0   0   0   0   0   0   0   0   0   0   0   0   0   0   0   0   0   0   0   0
  0.00  2.00  1.00  0.00  0.00  0.00  0.00  0.00  0.00  0.00  0.00  0.00  0.00  0.00  0.00  0.00  0.00  0.00  0.00  0.00  0.00  0.00  0.00
           0
  0.00
  -8.54030
UO2F3-                           -1.00  4.00
   2  17  20   0   0   0   0   0   0   0   0   0   0   0   0   0   0   0   0   0   0   0   0
  0.00  3.00  1.00  0.00  0.00  0.00  0.00  0.00  0.00  0.00  0.00  0.00  0.00  0.00  0.00  0.00  0.00  0.00  0.00  0.00  0.00  0.00  0.00
           0
  0.00
 -10.78060
UO2F4--                          -2.00  4.00
   2  17  20   0   0   0   0   0   0   0   0   0   0   0   0   0   0   0   0   0   0   0   0
  0.00  4.00  1.00  0.00  0.00  0.00  0.00  0.00  0.00  0.00  0.00  0.00  0.00  0.00  0.00  0.00  0.00  0.00  0.00  0.00  0.00  0.00  0.00
           0
  0.00
 -11.54070
UO2(H2PO4)(H3PO4)+                1.00  4.00
   3   9  16  20   0   0   0   0   0   0   0   0   0   0   0   0   0   0   0   0   0   0   0
  0.00  3.00  2.00  1.00  0.00  0.00  0.00  0.00  0.00  0.00  0.00  0.00  0.00  0.00  0.00  0.00  0.00  0.00  0.00  0.00  0.00  0.00  0.00
           0
  0.00
 -22.75370
UO2(H2PO4)2(aq)                   0.00  3.00
   3   9  16  20   0   0   0   0   0   0   0   0   0   0   0   0   0   0   0   0   0   0   0
  0.00  2.00  2.00  1.00  0.00  0.00  0.00  0.00  0.00  0.00  0.00  0.00  0.00  0.00  0.00  0.00  0.00  0.00  0.00  0.00  0.00  0.00  0.00
           0
  0.00
 -21.74370
UO2HPO4(aq)                       0.00  3.00
   2  16  20   0   0   0   0   0   0   0   0   0   0   0   0   0   0   0   0   0   0   0   0
  0.00  1.00  1.00  0.00  0.00  0.00  0.00  0.00  0.00  0.00  0.00  0.00  0.00  0.00  0.00  0.00  0.00  0.00  0.00  0.00  0.00  0.00  0.00
           0
  0.00
  -8.43980
UO2H2PO4+                         1.00  4.00
   3   9  16  20   0   0   0   0   0   0   0   0   0   0   0   0   0   0   0   0   0   0   0
  0.00  1.00  1.00  1.00  0.00  0.00  0.00  0.00  0.00  0.00  0.00  0.00  0.00  0.00  0.00  0.00  0.00  0.00  0.00  0.00  0.00  0.00  0.00
           0
  0.00
 -11.67190
UO2H3PO4++                        2.00  4.50
   3   9  16  20   0   0   0   0   0   0   0   0   0   0   0   0   0   0   0   0   0   0   0
  0.00  2.00  1.00  1.00  0.00  0.00  0.00  0.00  0.00  0.00  0.00  0.00  0.00  0.00  0.00  0.00  0.00  0.00  0.00  0.00  0.00  0.00  0.00
           0
  0.00
 -11.31190
UO2PO4-                          -1.00  4.00
   3   9  16  20   0   0   0   0   0   0   0   0   0   0   0   0   0   0   0   0   0   0   0
  0.00 -1.00  1.00  1.00  0.00  0.00  0.00  0.00  0.00  0.00  0.00  0.00  0.00  0.00  0.00  0.00  0.00  0.00  0.00  0.00  0.00  0.00  0.00
           0
  0.00
  -2.07980
Zn(N3)2(aq)                       0.00  3.00
   4   3   9  10  21   0   0   0   0   0   0   0   0   0   0   0   0   0   0   0   0   0   0
  0.00  1.00 -8.00  6.00  4.00  0.00  0.00  0.00  0.00  0.00  0.00  0.00  0.00  0.00  0.00  0.00  0.00  0.00  0.00  0.00  0.00  0.00  0.00
           1
 -8.00
-139.68540
Zn(NH3)++                         2.00  4.50
   3   3   9  10   0   0   0   0   0   0   0   0   0   0   0   0   0   0   0   0   0   0   0
  0.00  1.00 -1.00  1.00  0.00  0.00  0.00  0.00  0.00  0.00  0.00  0.00  0.00  0.00  0.00  0.00  0.00  0.00  0.00  0.00  0.00  0.00  0.00
           0
  0.00
   7.18830
Zn(NH3)2++                        2.00  4.50
   3   3   9  10   0   0   0   0   0   0   0   0   0   0   0   0   0   0   0   0   0   0   0
  0.00  1.00 -2.00  2.00  0.00  0.00  0.00  0.00  0.00  0.00  0.00  0.00  0.00  0.00  0.00  0.00  0.00  0.00  0.00  0.00  0.00  0.00  0.00
           0
  0.00
  14.22300
Zn(NH3)3++                        2.00  4.50
   3   3   9  10   0   0   0   0   0   0   0   0   0   0   0   0   0   0   0   0   0   0   0
  0.00  1.00 -3.00  3.00  0.00  0.00  0.00  0.00  0.00  0.00  0.00  0.00  0.00  0.00  0.00  0.00  0.00  0.00  0.00  0.00  0.00  0.00  0.00
           0
  0.00
  21.25770
Zn(NH3)4++                        2.00  4.50
   3   3   9  10   0   0   0   0   0   0   0   0   0   0   0   0   0   0   0   0   0   0   0
  0.00  1.00 -4.00  4.00  0.00  0.00  0.00  0.00  0.00  0.00  0.00  0.00  0.00  0.00  0.00  0.00  0.00  0.00  0.00  0.00  0.00  0.00  0.00
           0
  0.00
  28.59020
Zn(OH)2(aq)                       0.00  3.00
   2   3   9   0   0   0   0   0   0   0   0   0   0   0   0   0   0   0   0   0   0   0   0
  0.00  1.00 -2.00  0.00  0.00  0.00  0.00  0.00  0.00  0.00  0.00  0.00  0.00  0.00  0.00  0.00  0.00  0.00  0.00  0.00  0.00  0.00  0.00
           1
  2.00
  17.32820
Zn(OH)3-                         -1.00  4.00
   2   3   9   0   0   0   0   0   0   0   0   0   0   0   0   0   0   0   0   0   0   0   0
  0.00  1.00 -3.00  0.00  0.00  0.00  0.00  0.00  0.00  0.00  0.00  0.00  0.00  0.00  0.00  0.00  0.00  0.00  0.00  0.00  0.00  0.00  0.00
           1
  3.00
  28.83690
Zn(OH)4--                        -2.00  4.00
   2   3   9   0   0   0   0   0   0   0   0   0   0   0   0   0   0   0   0   0   0   0   0
  0.00  1.00 -4.00  0.00  0.00  0.00  0.00  0.00  0.00  0.00  0.00  0.00  0.00  0.00  0.00  0.00  0.00  0.00  0.00  0.00  0.00  0.00  0.00
           1
  4.00
  41.60520
Zn(OH)Cl(aq)                      0.00  3.00
   3   3   9  14   0   0   0   0   0   0   0   0   0   0   0   0   0   0   0   0   0   0   0
  0.00  1.00 -1.00  1.00  0.00  0.00  0.00  0.00  0.00  0.00  0.00  0.00  0.00  0.00  0.00  0.00  0.00  0.00  0.00  0.00  0.00  0.00  0.00
           1
  1.00
   7.54170
ZnCl+                             1.00  4.00
   2   3  14   0   0   0   0   0   0   0   0   0   0   0   0   0   0   0   0   0   0   0   0
  0.00  1.00  1.00  0.00  0.00  0.00  0.00  0.00  0.00  0.00  0.00  0.00  0.00  0.00  0.00  0.00  0.00  0.00  0.00  0.00  0.00  0.00  0.00
           0
  0.00
  -0.19860
ZnCl2(aq)                         0.00  3.00
   2   3  14   0   0   0   0   0   0   0   0   0   0   0   0   0   0   0   0   0   0   0   0
  0.00  1.00  2.00  0.00  0.00  0.00  0.00  0.00  0.00  0.00  0.00  0.00  0.00  0.00  0.00  0.00  0.00  0.00  0.00  0.00  0.00  0.00  0.00
           0
  0.00
  -0.25070
ZnCl3-                           -1.00  4.00
   2   3  14   0   0   0   0   0   0   0   0   0   0   0   0   0   0   0   0   0   0   0   0
  0.00  1.00  3.00  0.00  0.00  0.00  0.00  0.00  0.00  0.00  0.00  0.00  0.00  0.00  0.00  0.00  0.00  0.00  0.00  0.00  0.00  0.00  0.00
           0
  0.00
   0.01980
ZnCl4--                          -2.00  4.00
   2   3  14   0   0   0   0   0   0   0   0   0   0   0   0   0   0   0   0   0   0   0   0
  0.00  1.00  4.00  0.00  0.00  0.00  0.00  0.00  0.00  0.00  0.00  0.00  0.00  0.00  0.00  0.00  0.00  0.00  0.00  0.00  0.00  0.00  0.00
           0
  0.00
  -0.86050
ZnF+                              1.00  4.00
   2   3  17   0   0   0   0   0   0   0   0   0   0   0   0   0   0   0   0   0   0   0   0
  0.00  1.00  1.00  0.00  0.00  0.00  0.00  0.00  0.00  0.00  0.00  0.00  0.00  0.00  0.00  0.00  0.00  0.00  0.00  0.00  0.00  0.00  0.00
           0
  0.00
  -1.15000
ZnH2PO4+                          1.00  4.00
   3   3   9  16   0   0   0   0   0   0   0   0   0   0   0   0   0   0   0   0   0   0   0
  0.00  1.00  1.00  1.00  0.00  0.00  0.00  0.00  0.00  0.00  0.00  0.00  0.00  0.00  0.00  0.00  0.00  0.00  0.00  0.00  0.00  0.00  0.00
           0
  0.00
  -0.43000
ZnHCO3+                           1.00  4.00
   2   3  13   0   0   0   0   0   0   0   0   0   0   0   0   0   0   0   0   0   0   0   0
  0.00  1.00  1.00  0.00  0.00  0.00  0.00  0.00  0.00  0.00  0.00  0.00  0.00  0.00  0.00  0.00  0.00  0.00  0.00  0.00  0.00  0.00  0.00
           0
  0.00
   1.42000
ZnHPO4(aq)                        0.00  3.00
   2   3  16   0   0   0   0   0   0   0   0   0   0   0   0   0   0   0   0   0   0   0   0
  0.00  1.00  1.00  0.00  0.00  0.00  0.00  0.00  0.00  0.00  0.00  0.00  0.00  0.00  0.00  0.00  0.00  0.00  0.00  0.00  0.00  0.00  0.00
           0
  0.00
  -3.26000
ZnN3+                             1.00  4.00
   4   3   9  10  21   0   0   0   0   0   0   0   0   0   0   0   0   0   0   0   0   0   0
  0.00  1.00 -4.00  3.00  2.00  0.00  0.00  0.00  0.00  0.00  0.00  0.00  0.00  0.00  0.00  0.00  0.00  0.00  0.00  0.00  0.00  0.00  0.00
           1
 -4.00
 -69.68700
ZnOH+                             1.00  4.00
   2   3   9   0   0   0   0   0   0   0   0   0   0   0   0   0   0   0   0   0   0   0   0
  0.00  1.00 -1.00  0.00  0.00  0.00  0.00  0.00  0.00  0.00  0.00  0.00  0.00  0.00  0.00  0.00  0.00  0.00  0.00  0.00  0.00  0.00  0.00
           1
  1.00
   8.96000
ZnPO4-                           -1.00  4.00
   3   3   9  16   0   0   0   0   0   0   0   0   0   0   0   0   0   0   0   0   0   0   0
  0.00  1.00 -1.00  1.00  0.00  0.00  0.00  0.00  0.00  0.00  0.00  0.00  0.00  0.00  0.00  0.00  0.00  0.00  0.00  0.00  0.00  0.00  0.00
           0
  0.00
   4.30180
ZnSO4(aq)                         0.00  3.00
   2   3  15   0   0   0   0   0   0   0   0   0   0   0   0   0   0   0   0   0   0   0   0
  0.00  1.00  1.00  0.00  0.00  0.00  0.00  0.00  0.00  0.00  0.00  0.00  0.00  0.00  0.00  0.00  0.00  0.00  0.00  0.00  0.00  0.00  0.00
           0
  0.00
  -2.30620
