: Source File - C:\Documents and Settings\ghammond\My Documents\research\Flury/200w_recharge.txt
:
: Start Date - 1951-01-01/00:00:00
: End Date - 2000-12-31/00:00:00
: Time Increment - 7 days
:
: Data - Time(seconds) Recharge (m/s)
0 0.000e+000
604800 1.554e-007
1209600 1.218e-007
1814400 7.560e-008
2419200 9.659e-008
3024000 1.050e-007
3628800 1.260e-008
4233600 0.000e+000
4838400 0.000e+000
5443200 1.848e-007
6048000 8.399e-009
6652800 0.000e+000
7257600 0.000e+000
7862400 0.000e+000
8467200 0.000e+000
9072000 0.000e+000
9676800 2.225e-007
10281600 0.000e+000
10886400 1.806e-007
11491200 0.000e+000
12096000 0.000e+000
12700800 1.890e-007
13305600 3.906e-007
13910400 0.000e+000
14515200 0.000e+000
15120000 0.000e+000
15724800 1.554e-007
16329600 0.000e+000
16934400 0.000e+000
17539200 0.000e+000
18144000 0.000e+000
18748800 0.000e+000
19353600 0.000e+000
19958400 0.000e+000
20563200 6.300e-008
21168000 4.200e-009
21772800 0.000e+000
22377600 0.000e+000
22982400 1.428e-007
23587200 4.200e-008
24192000 8.399e-009
24796800 9.659e-008
25401600 4.620e-008
26006400 6.300e-008
26611200 1.722e-007
27216000 0.000e+000
27820800 8.399e-008
28425600 5.880e-008
29030400 9.659e-008
29635200 2.520e-008
30240000 1.680e-008
30844800 1.218e-007
31449600 5.460e-008
32054400 5.040e-008
32659200 8.399e-009
33264000 1.302e-007
33868800 8.399e-008
34473600 0.000e+000
35078400 8.399e-009
35683200 1.218e-007
36288000 3.780e-008
36892800 8.399e-009
37497600 4.200e-009
38102400 0.000e+000
38707200 0.000e+000
39312000 8.399e-009
39916800 0.000e+000
40521600 8.399e-009
41126400 3.780e-008
41731200 0.000e+000
42336000 1.260e-007
42940800 6.300e-008
43545600 5.460e-008
44150400 0.000e+000
44755200 1.302e-007
45360000 1.008e-007
45964800 0.000e+000
46569600 2.184e-007
47174400 0.000e+000
47779200 0.000e+000
48384000 0.000e+000
48988800 0.000e+000
49593600 0.000e+000
50198400 3.360e-008
50803200 0.000e+000
51408000 0.000e+000
52012800 0.000e+000
52617600 3.360e-008
53222400 0.000e+000
53827200 0.000e+000
54432000 0.000e+000
55036800 0.000e+000
55641600 0.000e+000
56246400 1.260e-008
56851200 0.000e+000
57456000 4.200e-009
58060800 0.000e+000
58665600 8.399e-008
59270400 0.000e+000
59875200 1.680e-008
60480000 2.520e-008
61084800 1.386e-007
61689600 8.819e-008
62294400 5.040e-008
62899200 1.302e-007
63504000 3.948e-007
64108800 1.932e-007
64713600 1.890e-007
65318400 8.399e-009
65923200 1.008e-007
66528000 0.000e+000
67132800 0.000e+000
67737600 0.000e+000
68342400 0.000e+000
68947200 2.100e-008
69552000 0.000e+000
70156800 5.040e-008
70761600 0.000e+000
71366400 1.302e-007
71971200 5.880e-008
72576000 1.302e-007
73180800 4.200e-009
73785600 0.000e+000
74390400 0.000e+000
74995200 8.819e-008
75600000 2.940e-008
76204800 1.260e-007
76809600 1.050e-007
77414400 0.000e+000
78019200 0.000e+000
78624000 0.000e+000
79228800 0.000e+000
79833600 0.000e+000
80438400 0.000e+000
81043200 0.000e+000
81648000 1.008e-007
82252800 0.000e+000
82857600 1.218e-007
83462400 1.806e-007
84067200 0.000e+000
84672000 0.000e+000
85276800 0.000e+000
85881600 4.200e-008
86486400 1.260e-008
87091200 4.200e-009
87696000 7.560e-008
88300800 4.200e-009
88905600 0.000e+000
89510400 0.000e+000
90115200 2.268e-007
90720000 1.176e-007
91324800 5.880e-008
91929600 5.040e-008
92534400 6.720e-008
93139200 8.819e-008
93744000 0.000e+000
94348800 1.260e-008
94953600 8.399e-009
95558400 3.738e-007
96163200 9.239e-008
96768000 1.344e-007
97372800 1.260e-008
97977600 9.659e-008
98582400 8.399e-009
99187200 0.000e+000
99792000 5.040e-008
100396800 5.880e-008
101001600 1.386e-007
101606400 0.000e+000
102211200 1.680e-008
102816000 1.260e-008
103420800 0.000e+000
104025600 0.000e+000
104630400 1.260e-008
105235200 3.360e-008
105840000 2.940e-008
106444800 0.000e+000
107049600 9.659e-008
107654400 0.000e+000
108259200 1.260e-008
108864000 8.399e-009
109468800 2.100e-008
110073600 0.000e+000
110678400 9.239e-008
111283200 0.000e+000
111888000 0.000e+000
112492800 0.000e+000
113097600 0.000e+000
113702400 6.720e-008
114307200 1.050e-007
114912000 4.200e-009
115516800 0.000e+000
116121600 0.000e+000
116726400 2.099e-007
117331200 0.000e+000
117936000 4.200e-009
118540800 0.000e+000
119145600 0.000e+000
119750400 1.763e-007
120355200 0.000e+000
120960000 1.428e-007
121564800 5.880e-008
122169600 1.596e-007
122774400 0.000e+000
123379200 7.979e-008
123984000 4.200e-009
124588800 0.000e+000
125193600 4.200e-009
125798400 5.880e-008
126403200 1.008e-007
127008000 2.940e-008
127612800 7.560e-008
128217600 2.940e-008
128822400 1.260e-008
129427200 0.000e+000
130032000 0.000e+000
130636800 7.979e-008
131241600 0.000e+000
131846400 0.000e+000
132451200 0.000e+000
133056000 2.520e-008
133660800 4.620e-008
134265600 0.000e+000
134870400 4.200e-009
135475200 5.880e-008
136080000 1.134e-007
136684800 0.000e+000
137289600 2.226e-007
137894400 0.000e+000
138499200 1.680e-008
139104000 0.000e+000
139708800 0.000e+000
140313600 0.000e+000
140918400 5.460e-008
141523200 1.176e-007
142128000 6.300e-008
142732800 0.000e+000
143337600 2.940e-008
143942400 9.239e-008
144547200 0.000e+000
145152000 0.000e+000
145756800 0.000e+000
146361600 0.000e+000
146966400 0.000e+000
147571200 3.360e-008
148176000 6.720e-008
148780800 4.200e-008
149385600 1.806e-007
149990400 1.302e-007
150595200 0.000e+000
151200000 0.000e+000
151804800 3.780e-008
152409600 6.300e-008
153014400 4.200e-009
153619200 1.722e-007
154224000 3.318e-007
154828800 2.604e-007
155433600 1.722e-007
156038400 1.218e-007
156643200 2.855e-007
157248000 1.470e-007
157852800 1.176e-007
158457600 3.570e-007
159062400 9.659e-008
159667200 8.819e-008
160272000 1.680e-008
160876800 0.000e+000
161481600 6.300e-008
162086400 1.554e-007
162691200 1.260e-008
163296000 0.000e+000
163900800 0.000e+000
164505600 2.100e-008
165110400 8.399e-009
165715200 0.000e+000
166320000 0.000e+000
166924800 0.000e+000
167529600 0.000e+000
168134400 6.300e-008
168739200 4.200e-009
169344000 0.000e+000
169948800 8.399e-009
170553600 1.512e-007
171158400 6.720e-008
171763200 1.596e-007
172368000 0.000e+000
172972800 0.000e+000
173577600 0.000e+000
174182400 0.000e+000
174787200 0.000e+000
175392000 0.000e+000
175996800 0.000e+000
176601600 0.000e+000
177206400 0.000e+000
177811200 1.596e-007
178416000 0.000e+000
179020800 0.000e+000
179625600 4.200e-009
180230400 0.000e+000
180835200 0.000e+000
181440000 0.000e+000
182044800 1.050e-007
182649600 9.239e-008
183254400 2.352e-007
183859200 5.040e-008
184464000 0.000e+000
185068800 8.399e-009
185673600 4.200e-009
186278400 0.000e+000
186883200 5.040e-008
187488000 1.638e-007
188092800 4.200e-009
188697600 2.520e-008
189302400 1.260e-008
189907200 3.780e-008
190512000 1.428e-007
191116800 4.200e-009
191721600 8.399e-009
192326400 4.200e-009
192931200 0.000e+000
193536000 8.819e-008
194140800 2.688e-007
194745600 1.764e-007
195350400 1.302e-007
195955200 4.620e-008
196560000 1.596e-007
197164800 8.399e-009
197769600 1.092e-007
198374400 0.000e+000
198979200 0.000e+000
199584000 1.050e-007
200188800 1.554e-007
200793600 1.260e-007
201398400 0.000e+000
202003200 1.260e-008
202608000 1.512e-007
203212800 3.360e-008
203817600 0.000e+000
204422400 0.000e+000
205027200 0.000e+000
205632000 2.100e-008
206236800 0.000e+000
206841600 0.000e+000
207446400 8.399e-009
208051200 0.000e+000
208656000 0.000e+000
209260800 0.000e+000
209865600 0.000e+000
210470400 0.000e+000
211075200 0.000e+000
211680000 1.680e-008
212284800 1.260e-007
212889600 8.861e-007
213494400 3.780e-008
214099200 0.000e+000
214704000 2.058e-007
215308800 1.260e-008
215913600 5.880e-008
216518400 5.880e-008
217123200 0.000e+000
217728000 1.554e-007
218332800 1.260e-008
218937600 5.880e-008
219542400 2.100e-008
220147200 2.100e-008
220752000 0.000e+000
221356800 2.855e-007
221961600 1.848e-007
222566400 1.176e-007
223171200 1.428e-007
223776000 5.460e-008
224380800 4.158e-007
224985600 1.218e-007
225590400 2.940e-008
226195200 2.940e-008
226800000 3.360e-008
227404800 1.008e-007
228009600 2.940e-008
228614400 1.470e-007
229219200 4.620e-008
229824000 8.399e-009
230428800 6.720e-008
231033600 4.200e-009
231638400 1.512e-007
232243200 4.200e-009
232848000 1.260e-007
233452800 3.360e-008
234057600 1.260e-008
234662400 2.100e-007
235267200 0.000e+000
235872000 1.092e-007
236476800 8.399e-009
237081600 0.000e+000
237686400 0.000e+000
238291200 0.000e+000
238896000 0.000e+000
239500800 0.000e+000
240105600 0.000e+000
240710400 0.000e+000
241315200 0.000e+000
241920000 0.000e+000
242524800 1.260e-008
243129600 8.399e-009
243734400 0.000e+000
244339200 0.000e+000
244944000 8.399e-009
245548800 7.140e-008
246153600 0.000e+000
246758400 1.260e-007
247363200 1.218e-007
247968000 6.300e-008
248572800 1.260e-008
249177600 0.000e+000
249782400 1.302e-007
250387200 4.536e-007
250992000 1.680e-008
251596800 1.722e-007
252201600 7.140e-008
252806400 4.829e-007
253411200 7.560e-008
254016000 2.142e-007
254620800 1.680e-008
255225600 1.806e-007
255830400 1.302e-007
256435200 1.806e-007
257040000 0.000e+000
257644800 0.000e+000
258249600 0.000e+000
258854400 4.200e-009
259459200 1.386e-007
260064000 2.520e-008
260668800 0.000e+000
261273600 7.560e-008
261878400 0.000e+000
262483200 8.399e-009
263088000 0.000e+000
263692800 1.428e-007
264297600 2.940e-008
264902400 3.780e-008
265507200 7.560e-008
266112000 2.100e-008
266716800 0.000e+000
267321600 0.000e+000
267926400 0.000e+000
268531200 0.000e+000
269136000 0.000e+000
269740800 0.000e+000
270345600 0.000e+000
270950400 0.000e+000
271555200 0.000e+000
272160000 4.200e-009
272764800 8.399e-009
273369600 0.000e+000
273974400 2.141e-007
274579200 2.561e-007
275184000 5.880e-008
275788800 0.000e+000
276393600 1.554e-007
276998400 0.000e+000
277603200 7.979e-008
278208000 0.000e+000
278812800 1.680e-008
279417600 4.200e-009
280022400 1.470e-007
280627200 4.200e-009
281232000 0.000e+000
281836800 0.000e+000
282441600 4.200e-009
283046400 8.399e-008
283651200 2.100e-008
284256000 1.218e-007
284860800 5.040e-008
285465600 4.200e-009
286070400 8.819e-008
286675200 1.134e-007
287280000 7.979e-008
287884800 0.000e+000
288489600 0.000e+000
289094400 1.050e-007
289699200 0.000e+000
290304000 0.000e+000
290908800 1.722e-007
291513600 4.200e-009
292118400 0.000e+000
292723200 1.260e-008
293328000 2.100e-007
293932800 0.000e+000
294537600 1.848e-007
295142400 1.260e-008
295747200 4.200e-008
296352000 5.880e-008
296956800 0.000e+000
297561600 0.000e+000
298166400 5.880e-008
298771200 0.000e+000
299376000 0.000e+000
299980800 0.000e+000
300585600 0.000e+000
301190400 0.000e+000
301795200 0.000e+000
302400000 7.140e-008
303004800 1.260e-008
303609600 0.000e+000
304214400 2.520e-008
304819200 7.979e-008
305424000 0.000e+000
306028800 0.000e+000
306633600 1.680e-008
307238400 0.000e+000
307843200 3.360e-008
308448000 0.000e+000
309052800 4.620e-008
309657600 1.680e-008
310262400 1.260e-008
310867200 2.100e-008
311472000 1.848e-007
312076800 1.680e-007
312681600 5.460e-008
313286400 1.260e-008
313891200 1.386e-007
314496000 6.300e-008
315100800 0.000e+000
315705600 2.100e-008
316310400 0.000e+000
316915200 0.000e+000
317520000 7.979e-008
318124800 4.284e-007
318729600 4.284e-007
319334400 5.880e-008
319939200 4.200e-009
320544000 8.819e-008
321148800 9.659e-008
321753600 8.819e-008
322358400 1.554e-007
322963200 0.000e+000
323568000 0.000e+000
324172800 3.780e-008
324777600 3.780e-008
325382400 1.302e-007
325987200 8.399e-009
326592000 2.688e-007
327196800 0.000e+000
327801600 5.460e-008
328406400 8.399e-009
329011200 1.680e-007
329616000 0.000e+000
330220800 0.000e+000
330825600 0.000e+000
331430400 0.000e+000
332035200 0.000e+000
332640000 6.300e-008
333244800 0.000e+000
333849600 0.000e+000
334454400 2.100e-008
335059200 8.399e-009
335664000 0.000e+000
336268800 8.399e-009
336873600 0.000e+000
337478400 0.000e+000
338083200 0.000e+000
338688000 0.000e+000
339292800 8.399e-009
339897600 0.000e+000
340502400 0.000e+000
341107200 2.100e-008
341712000 8.399e-009
342316800 0.000e+000
342921600 0.000e+000
343526400 1.974e-007
344131200 0.000e+000
344736000 0.000e+000
345340800 2.268e-007
345945600 1.470e-007
346550400 0.000e+000
347155200 4.620e-008
347760000 0.000e+000
348364800 8.399e-009
348969600 0.000e+000
349574400 0.000e+000
350179200 2.562e-007
350784000 9.239e-008
351388800 4.200e-009
351993600 5.040e-008
352598400 1.260e-008
353203200 0.000e+000
353808000 2.100e-008
354412800 0.000e+000
355017600 4.620e-008
355622400 3.780e-008
356227200 0.000e+000
356832000 5.880e-008
357436800 2.940e-008
358041600 2.226e-007
358646400 1.260e-008
359251200 3.023e-007
359856000 4.200e-009
360460800 1.260e-008
361065600 3.360e-008
361670400 0.000e+000
362275200 0.000e+000
362880000 0.000e+000
363484800 0.000e+000
364089600 0.000e+000
364694400 0.000e+000
365299200 1.218e-007
365904000 8.819e-008
366508800 0.000e+000
367113600 0.000e+000
367718400 0.000e+000
368323200 1.680e-008
368928000 0.000e+000
369532800 0.000e+000
370137600 1.428e-007
370742400 2.100e-008
371347200 3.780e-007
371952000 0.000e+000
372556800 0.000e+000
373161600 0.000e+000
373766400 1.260e-007
374371200 2.100e-008
374976000 0.000e+000
375580800 1.302e-007
376185600 1.260e-008
376790400 2.058e-007
377395200 2.940e-008
378000000 0.000e+000
378604800 0.000e+000
379209600 0.000e+000
379814400 0.000e+000
380419200 0.000e+000
381024000 5.544e-007
381628800 1.260e-008
382233600 6.300e-008
382838400 5.880e-008
383443200 0.000e+000
384048000 0.000e+000
384652800 4.200e-009
385257600 4.200e-008
385862400 1.764e-007
386467200 1.344e-007
387072000 8.399e-008
387676800 2.730e-007
388281600 0.000e+000
388886400 1.596e-007
389491200 2.100e-008
390096000 0.000e+000
390700800 0.000e+000
391305600 0.000e+000
391910400 2.940e-008
392515200 0.000e+000
393120000 7.560e-008
393724800 1.680e-008
394329600 1.260e-007
394934400 0.000e+000
395539200 0.000e+000
396144000 0.000e+000
396748800 0.000e+000
397353600 0.000e+000
397958400 0.000e+000
398563200 4.200e-009
399168000 0.000e+000
399772800 4.200e-009
400377600 4.200e-009
400982400 0.000e+000
401587200 0.000e+000
402192000 1.680e-008
402796800 0.000e+000
403401600 0.000e+000
404006400 0.000e+000
404611200 0.000e+000
405216000 1.932e-007
405820800 1.134e-007
406425600 4.200e-009
407030400 0.000e+000
407635200 3.317e-007
408240000 2.520e-008
408844800 8.399e-008
409449600 3.780e-008
410054400 0.000e+000
410659200 3.780e-008
411264000 2.100e-008
411868800 6.300e-008
412473600 3.360e-008
413078400 4.200e-009
413683200 0.000e+000
414288000 0.000e+000
414892800 0.000e+000
415497600 0.000e+000
416102400 1.260e-008
416707200 0.000e+000
417312000 0.000e+000
417916800 1.680e-008
418521600 0.000e+000
419126400 0.000e+000
419731200 2.940e-008
420336000 0.000e+000
420940800 0.000e+000
421545600 0.000e+000
422150400 1.680e-008
422755200 0.000e+000
423360000 2.856e-007
423964800 6.720e-008
424569600 2.520e-008
425174400 0.000e+000
425779200 1.260e-008
426384000 0.000e+000
426988800 0.000e+000
427593600 0.000e+000
428198400 3.780e-008
428803200 0.000e+000
429408000 2.100e-008
430012800 3.780e-008
430617600 8.399e-009
431222400 0.000e+000
431827200 0.000e+000
432432000 3.360e-008
433036800 0.000e+000
433641600 4.200e-009
434246400 3.360e-008
434851200 0.000e+000
435456000 0.000e+000
436060800 8.399e-008
436665600 9.239e-008
437270400 1.512e-007
437875200 2.100e-008
438480000 1.302e-007
439084800 8.399e-009
439689600 1.050e-007
440294400 4.032e-007
440899200 4.620e-007
441504000 4.200e-009
442108800 1.008e-007
442713600 0.000e+000
443318400 1.554e-007
443923200 1.344e-007
444528000 4.200e-009
445132800 0.000e+000
445737600 0.000e+000
446342400 5.460e-008
446947200 0.000e+000
447552000 0.000e+000
448156800 0.000e+000
448761600 1.260e-008
449366400 0.000e+000
449971200 1.260e-008
450576000 2.520e-008
451180800 0.000e+000
451785600 0.000e+000
452390400 0.000e+000
452995200 0.000e+000
453600000 6.300e-008
454204800 0.000e+000
454809600 0.000e+000
455414400 4.200e-009
456019200 2.016e-007
456624000 0.000e+000
457228800 0.000e+000
457833600 0.000e+000
458438400 0.000e+000
459043200 4.620e-008
459648000 0.000e+000
460252800 0.000e+000
460857600 0.000e+000
461462400 1.260e-008
462067200 0.000e+000
462672000 0.000e+000
463276800 0.000e+000
463881600 2.100e-008
464486400 2.520e-008
465091200 0.000e+000
465696000 0.000e+000
466300800 4.200e-009
466905600 0.000e+000
467510400 0.000e+000
468115200 1.260e-007
468720000 1.050e-007
469324800 7.140e-008
469929600 1.890e-007
470534400 0.000e+000
471139200 0.000e+000
471744000 0.000e+000
472348800 1.638e-007
472953600 1.470e-007
473558400 1.092e-007
474163200 0.000e+000
474768000 4.200e-009
475372800 2.520e-008
475977600 1.260e-008
476582400 0.000e+000
477187200 0.000e+000
477792000 0.000e+000
478396800 1.680e-008
479001600 5.040e-008
479606400 9.659e-008
480211200 0.000e+000
480816000 0.000e+000
481420800 1.260e-008
482025600 0.000e+000
482630400 0.000e+000
483235200 0.000e+000
483840000 0.000e+000
484444800 0.000e+000
485049600 0.000e+000
485654400 2.100e-008
486259200 1.680e-007
486864000 8.399e-009
487468800 0.000e+000
488073600 4.200e-009
488678400 2.982e-007
489283200 0.000e+000
489888000 4.200e-008
490492800 0.000e+000
491097600 0.000e+000
491702400 0.000e+000
492307200 0.000e+000
492912000 0.000e+000
493516800 0.000e+000
494121600 0.000e+000
494726400 6.300e-008
495331200 3.780e-008
495936000 1.260e-008
496540800 1.260e-008
497145600 8.399e-009
497750400 4.200e-009
498355200 1.008e-007
498960000 3.780e-008
499564800 0.000e+000
500169600 4.074e-007
500774400 4.788e-007
501379200 4.200e-009
501984000 1.386e-007
502588800 1.092e-007
503193600 5.040e-008
503798400 8.399e-009
504403200 0.000e+000
505008000 4.200e-009
505612800 0.000e+000
506217600 0.000e+000
506822400 1.302e-007
507427200 0.000e+000
508032000 0.000e+000
508636800 0.000e+000
509241600 0.000e+000
509846400 0.000e+000
510451200 0.000e+000
511056000 5.040e-008
511660800 4.200e-009
512265600 4.200e-009
512870400 0.000e+000
513475200 3.360e-008
514080000 2.058e-007
514684800 1.386e-007
515289600 4.200e-008
515894400 1.848e-007
516499200 0.000e+000
517104000 0.000e+000
517708800 1.134e-007
518313600 0.000e+000
518918400 0.000e+000
519523200 1.344e-007
520128000 0.000e+000
520732800 0.000e+000
521337600 0.000e+000
521942400 0.000e+000
522547200 0.000e+000
523152000 0.000e+000
523756800 0.000e+000
524361600 0.000e+000
524966400 0.000e+000
525571200 0.000e+000
526176000 4.200e-009
526780800 0.000e+000
527385600 0.000e+000
527990400 4.200e-008
528595200 0.000e+000
529200000 0.000e+000
529804800 8.399e-009
530409600 2.100e-008
531014400 0.000e+000
531619200 5.040e-008
532224000 0.000e+000
532828800 0.000e+000
533433600 7.979e-008
534038400 2.100e-008
534643200 8.399e-009
535248000 8.819e-008
535852800 0.000e+000
536457600 8.399e-009
537062400 3.066e-007
537667200 4.200e-009
538272000 5.040e-008
538876800 0.000e+000
539481600 0.000e+000
540086400 5.880e-008
540691200 1.848e-007
541296000 0.000e+000
541900800 0.000e+000
542505600 0.000e+000
543110400 8.399e-009
543715200 0.000e+000
544320000 4.200e-009
544924800 0.000e+000
545529600 0.000e+000
546134400 0.000e+000
546739200 0.000e+000
547344000 1.680e-008
547948800 8.399e-009
548553600 0.000e+000
549158400 1.680e-008
549763200 1.260e-008
550368000 0.000e+000
550972800 5.040e-008
551577600 0.000e+000
552182400 0.000e+000
552787200 0.000e+000
553392000 1.680e-008
553996800 0.000e+000
554601600 0.000e+000
555206400 0.000e+000
555811200 7.140e-008
556416000 1.302e-007
557020800 6.300e-008
557625600 0.000e+000
558230400 8.399e-009
558835200 4.620e-008
559440000 0.000e+000
560044800 0.000e+000
560649600 2.520e-007
561254400 1.386e-007
561859200 0.000e+000
562464000 8.399e-008
563068800 3.444e-007
563673600 7.979e-008
564278400 8.399e-009
564883200 0.000e+000
565488000 2.940e-008
566092800 3.780e-008
566697600 9.659e-008
567302400 2.394e-007
567907200 2.100e-007
568512000 1.008e-007
569116800 1.680e-008
569721600 2.604e-007
570326400 5.460e-008
570931200 4.620e-008
571536000 1.302e-007
572140800 4.620e-008
572745600 4.200e-009
573350400 0.000e+000
573955200 0.000e+000
574560000 0.000e+000
575164800 4.200e-008
575769600 2.269e-007
576374400 1.260e-008
576979200 7.560e-008
577584000 1.974e-007
578188800 4.200e-009
578793600 0.000e+000
579398400 5.460e-008
580003200 1.428e-007
580608000 1.260e-008
581212800 0.000e+000
581817600 2.520e-007
582422400 4.620e-008
583027200 1.680e-008
583632000 0.000e+000
584236800 0.000e+000
584841600 0.000e+000
585446400 0.000e+000
586051200 0.000e+000
586656000 0.000e+000
587260800 0.000e+000
587865600 0.000e+000
588470400 0.000e+000
589075200 0.000e+000
589680000 0.000e+000
590284800 1.932e-007
590889600 0.000e+000
591494400 1.260e-008
592099200 0.000e+000
592704000 0.000e+000
593308800 3.780e-008
593913600 0.000e+000
594518400 5.040e-008
595123200 4.200e-009
595728000 0.000e+000
596332800 0.000e+000
596937600 4.620e-008
597542400 2.226e-007
598147200 2.226e-007
598752000 5.040e-008
599356800 0.000e+000
599961600 1.806e-007
600566400 2.730e-007
601171200 5.838e-007
601776000 0.000e+000
602380800 6.300e-008
602985600 2.520e-007
603590400 0.000e+000
604195200 8.399e-009
604800000 2.940e-008
605404800 6.720e-008
606009600 0.000e+000
606614400 8.399e-009
607219200 0.000e+000
607824000 4.200e-009
608428800 1.847e-007
609033600 0.000e+000
609638400 0.000e+000
610243200 0.000e+000
610848000 2.100e-007
611452800 0.000e+000
612057600 1.680e-008
612662400 3.360e-008
613267200 7.140e-008
613872000 0.000e+000
614476800 0.000e+000
615081600 0.000e+000
615686400 0.000e+000
616291200 0.000e+000
616896000 4.200e-009
617500800 0.000e+000
618105600 0.000e+000
618710400 0.000e+000
619315200 0.000e+000
619920000 0.000e+000
620524800 0.000e+000
621129600 0.000e+000
621734400 1.260e-008
622339200 0.000e+000
622944000 4.200e-009
623548800 2.100e-008
624153600 0.000e+000
624758400 7.560e-008
625363200 0.000e+000
625968000 4.200e-008
626572800 1.386e-007
627177600 2.100e-008
627782400 9.659e-008
628387200 5.460e-008
628992000 2.940e-008
629596800 1.302e-007
630201600 4.200e-008
630806400 0.000e+000
631411200 4.200e-009
632016000 3.149e-007
632620800 8.399e-009
633225600 0.000e+000
633830400 0.000e+000
634435200 2.520e-008
635040000 1.260e-008
635644800 4.200e-009
636249600 3.360e-008
636854400 8.819e-008
637459200 8.819e-008
638064000 2.184e-007
638668800 0.000e+000
639273600 4.200e-009
639878400 0.000e+000
640483200 2.520e-008
641088000 0.000e+000
641692800 0.000e+000
642297600 2.100e-008
642902400 2.520e-008
643507200 1.890e-007
644112000 1.638e-007
644716800 2.940e-008
645321600 1.260e-008
645926400 9.239e-008
646531200 0.000e+000
647136000 5.460e-008
647740800 0.000e+000
648345600 0.000e+000
648950400 0.000e+000
649555200 0.000e+000
650160000 0.000e+000
650764800 3.780e-008
651369600 0.000e+000
651974400 4.535e-007
652579200 0.000e+000
653184000 0.000e+000
653788800 1.260e-008
654393600 8.399e-009
654998400 0.000e+000
655603200 0.000e+000
656208000 8.399e-009
656812800 6.720e-008
657417600 4.200e-009
658022400 1.134e-007
658627200 0.000e+000
659232000 7.560e-008
659836800 1.008e-007
660441600 2.268e-007
661046400 0.000e+000
661651200 6.300e-008
662256000 5.880e-008
662860800 0.000e+000
663465600 0.000e+000
664070400 7.140e-008
664675200 8.399e-009
665280000 5.040e-008
665884800 8.399e-009
666489600 2.520e-008
667094400 2.940e-008
667699200 1.218e-007
668304000 1.050e-007
668908800 0.000e+000
669513600 8.399e-009
670118400 8.399e-009
670723200 3.360e-008
671328000 4.200e-009
671932800 0.000e+000
672537600 4.200e-009
673142400 2.310e-007
673747200 0.000e+000
674352000 6.216e-007
674956800 0.000e+000
675561600 2.520e-008
676166400 1.092e-007
676771200 8.399e-009
677376000 1.344e-007
677980800 0.000e+000
678585600 4.200e-008
679190400 0.000e+000
679795200 2.520e-008
680400000 0.000e+000
681004800 0.000e+000
681609600 4.200e-009
682214400 1.764e-007
682819200 5.460e-008
683424000 0.000e+000
684028800 0.000e+000
684633600 0.000e+000
685238400 8.399e-009
685843200 0.000e+000
686448000 0.000e+000
687052800 0.000e+000
687657600 0.000e+000
688262400 0.000e+000
688867200 1.092e-007
689472000 5.880e-008
690076800 1.260e-008
690681600 5.040e-008
691286400 2.940e-008
691891200 3.780e-008
692496000 2.478e-007
693100800 1.848e-007
693705600 3.360e-008
694310400 2.100e-008
694915200 2.226e-007
695520000 1.134e-007
696124800 0.000e+000
696729600 2.100e-008
697334400 6.300e-008
697939200 8.399e-009
698544000 1.260e-008
699148800 3.780e-008
699753600 0.000e+000
700358400 0.000e+000
700963200 0.000e+000
701568000 0.000e+000
702172800 0.000e+000
702777600 0.000e+000
703382400 0.000e+000
703987200 0.000e+000
704592000 2.520e-008
705196800 0.000e+000
705801600 0.000e+000
706406400 7.560e-008
707011200 0.000e+000
707616000 0.000e+000
708220800 0.000e+000
708825600 4.200e-009
709430400 0.000e+000
710035200 0.000e+000
710640000 0.000e+000
711244800 0.000e+000
711849600 0.000e+000
712454400 0.000e+000
713059200 4.200e-009
713664000 0.000e+000
714268800 0.000e+000
714873600 4.200e-009
715478400 8.399e-009
716083200 0.000e+000
716688000 1.722e-007
717292800 0.000e+000
717897600 9.239e-008
718502400 8.399e-009
719107200 1.848e-007
719712000 1.680e-007
720316800 4.578e-007
720921600 6.090e-007
721526400 9.239e-008
722131200 9.659e-008
722736000 1.386e-007
723340800 5.460e-008
723945600 2.562e-007
724550400 2.352e-007
725155200 2.856e-007
725760000 3.360e-008
726364800 1.008e-007
726969600 1.218e-007
727574400 8.399e-009
728179200 1.134e-007
728784000 0.000e+000
729388800 1.470e-007
729993600 0.000e+000
730598400 3.780e-008
731203200 5.460e-008
731808000 2.520e-008
732412800 0.000e+000
733017600 1.260e-007
733622400 2.100e-008
734227200 0.000e+000
734832000 5.040e-008
735436800 1.218e-007
736041600 0.000e+000
736646400 8.399e-009
737251200 5.040e-008
737856000 5.880e-008
738460800 0.000e+000
739065600 5.040e-008
739670400 0.000e+000
740275200 0.000e+000
740880000 0.000e+000
741484800 5.880e-008
742089600 4.200e-008
742694400 1.974e-007
743299200 0.000e+000
743904000 0.000e+000
744508800 0.000e+000
745113600 0.000e+000
745718400 0.000e+000
746323200 0.000e+000
746928000 0.000e+000
747532800 0.000e+000
748137600 0.000e+000
748742400 4.200e-009
749347200 0.000e+000
749952000 0.000e+000
750556800 0.000e+000
751161600 8.399e-008
751766400 4.200e-009
752371200 1.512e-007
752976000 5.040e-008
753580800 9.659e-008
754185600 1.680e-008
754790400 2.604e-007
755395200 4.620e-008
756000000 2.940e-008
756604800 5.460e-008
757209600 8.819e-008
757814400 7.979e-008
758419200 2.940e-008
759024000 4.032e-007
759628800 2.100e-008
760233600 2.478e-007
760838400 1.260e-008
761443200 3.780e-008
762048000 1.050e-007
762652800 4.200e-009
763257600 7.979e-008
763862400 4.200e-008
764467200 0.000e+000
765072000 1.260e-008
765676800 7.140e-008
766281600 0.000e+000
766886400 9.239e-008
767491200 8.399e-008
768096000 5.040e-008
768700800 2.520e-008
769305600 0.000e+000
769910400 4.200e-008
770515200 0.000e+000
771120000 0.000e+000
771724800 2.520e-008
772329600 3.360e-008
772934400 0.000e+000
773539200 1.176e-007
774144000 1.680e-008
774748800 0.000e+000
775353600 0.000e+000
775958400 0.000e+000
776563200 2.898e-007
777168000 1.092e-007
777772800 1.008e-007
778377600 0.000e+000
778982400 0.000e+000
779587200 0.000e+000
780192000 0.000e+000
780796800 1.680e-008
781401600 2.100e-008
782006400 1.260e-008
782611200 3.150e-007
783216000 0.000e+000
783820800 1.302e-007
784425600 1.260e-008
785030400 0.000e+000
785635200 1.092e-007
786240000 1.008e-007
786844800 0.000e+000
787449600 1.260e-008
788054400 1.806e-007
788659200 8.399e-008
789264000 8.399e-008
789868800 6.720e-008
790473600 0.000e+000
791078400 0.000e+000
791683200 4.200e-009
792288000 0.000e+000
792892800 0.000e+000
793497600 1.470e-007
794102400 0.000e+000
794707200 4.200e-009
795312000 4.200e-009
795916800 2.940e-008
796521600 5.880e-008
797126400 7.560e-008
797731200 7.560e-008
798336000 2.100e-008
798940800 8.399e-009
799545600 8.399e-009
800150400 0.000e+000
800755200 0.000e+000
801360000 1.680e-008
801964800 0.000e+000
802569600 4.200e-009
803174400 1.680e-008
803779200 0.000e+000
804384000 3.360e-008
804988800 4.620e-008
805593600 0.000e+000
806198400 0.000e+000
806803200 3.780e-008
807408000 1.848e-007
808012800 4.200e-009
808617600 0.000e+000
809222400 1.764e-007
809827200 0.000e+000
810432000 0.000e+000
811036800 0.000e+000
811641600 0.000e+000
812246400 0.000e+000
812851200 4.200e-009
813456000 0.000e+000
814060800 1.260e-008
814665600 0.000e+000
815270400 0.000e+000
815875200 0.000e+000
816480000 0.000e+000
817084800 0.000e+000
817689600 0.000e+000
818294400 4.200e-009
818899200 0.000e+000
819504000 4.200e-008
820108800 1.260e-008
820713600 4.200e-009
821318400 1.680e-008
821923200 0.000e+000
822528000 0.000e+000
823132800 0.000e+000
823737600 0.000e+000
824342400 5.460e-008
824947200 1.848e-007
825552000 1.176e-007
826156800 0.000e+000
826761600 2.100e-008
827366400 3.360e-008
827971200 0.000e+000
828576000 0.000e+000
829180800 0.000e+000
829785600 0.000e+000
830390400 1.260e-008
830995200 1.596e-007
831600000 3.780e-008
832204800 3.780e-008
832809600 2.520e-008
833414400 1.344e-007
834019200 2.100e-008
834624000 0.000e+000
835228800 0.000e+000
835833600 0.000e+000
836438400 0.000e+000
837043200 2.520e-008
837648000 0.000e+000
838252800 0.000e+000
838857600 0.000e+000
839462400 0.000e+000
840067200 0.000e+000
840672000 3.150e-007
841276800 2.687e-007
841881600 0.000e+000
842486400 8.399e-009
843091200 1.512e-007
843696000 1.050e-007
844300800 0.000e+000
844905600 4.200e-009
845510400 0.000e+000
846115200 5.880e-008
846720000 1.680e-008
847324800 2.520e-008
847929600 8.399e-009
848534400 2.142e-007
849139200 1.260e-008
849744000 1.008e-007
850348800 4.283e-007
850953600 0.000e+000
851558400 9.659e-008
852163200 2.436e-007
852768000 3.527e-007
853372800 7.560e-008
853977600 1.680e-008
854582400 1.050e-007
855187200 1.092e-007
855792000 3.360e-008
856396800 1.512e-007
857001600 8.399e-009
857606400 2.100e-008
858211200 0.000e+000
858816000 9.659e-008
859420800 0.000e+000
860025600 2.520e-008
860630400 4.620e-008
861235200 0.000e+000
861840000 1.218e-007
862444800 1.680e-008
863049600 1.386e-007
863654400 0.000e+000
864259200 1.680e-008
864864000 0.000e+000
865468800 1.260e-008
866073600 0.000e+000
866678400 2.520e-008
867283200 1.974e-007
867888000 4.200e-009
868492800 1.680e-008
869097600 0.000e+000
869702400 0.000e+000
870307200 0.000e+000
870912000 0.000e+000
871516800 8.399e-008
872121600 1.554e-007
872726400 0.000e+000
873331200 4.200e-008
873936000 0.000e+000
874540800 0.000e+000
875145600 4.200e-009
875750400 0.000e+000
876355200 0.000e+000
876960000 0.000e+000
877564800 0.000e+000
878169600 4.200e-009
878774400 0.000e+000
879379200 3.275e-007
879984000 4.620e-008
880588800 1.974e-007
881193600 2.940e-008
881798400 0.000e+000
882403200 0.000e+000
883008000 1.260e-008
883612800 0.000e+000
884217600 1.974e-007
884822400 0.000e+000
885427200 2.520e-008
886032000 4.200e-009
886636800 3.780e-008
887241600 1.260e-008
887846400 2.100e-008
888451200 4.200e-008
889056000 8.399e-009
889660800 0.000e+000
890265600 0.000e+000
890870400 2.184e-007
891475200 4.200e-009
892080000 5.040e-008
892684800 7.140e-008
893289600 5.040e-008
893894400 4.200e-008
894499200 0.000e+000
895104000 0.000e+000
895708800 0.000e+000
896313600 0.000e+000
896918400 0.000e+000
897523200 0.000e+000
898128000 0.000e+000
898732800 0.000e+000
899337600 1.260e-008
899942400 2.520e-008
900547200 0.000e+000
901152000 0.000e+000
901756800 0.000e+000
902361600 1.680e-008
902966400 6.720e-008
903571200 2.520e-008
904176000 1.344e-007
904780800 0.000e+000
905385600 0.000e+000
905990400 0.000e+000
906595200 0.000e+000
907200000 0.000e+000
907804800 0.000e+000
908409600 1.932e-007
909014400 8.819e-008
909619200 9.239e-008
910224000 2.520e-008
910828800 1.764e-007
911433600 2.772e-007
912038400 5.040e-008
912643200 1.680e-008
913248000 2.940e-008
913852800 1.554e-007
914457600 1.638e-007
915062400 1.050e-007
915667200 4.158e-007
916272000 2.100e-008
916876800 0.000e+000
917481600 9.239e-008
918086400 4.200e-009
918691200 2.184e-007
919296000 4.200e-008
919900800 2.016e-007
920505600 4.200e-008
921110400 5.460e-008
921715200 2.520e-008
922320000 4.200e-009
922924800 4.620e-008
923529600 5.040e-008
924134400 2.435e-007
924739200 4.200e-009
925344000 2.520e-008
925948800 1.596e-007
926553600 1.260e-008
927158400 4.074e-007
927763200 4.200e-009
928368000 0.000e+000
928972800 2.982e-007
929577600 8.399e-008
930182400 2.100e-008
930787200 0.000e+000
931392000 0.000e+000
931996800 0.000e+000
932601600 0.000e+000
933206400 0.000e+000
933811200 0.000e+000
934416000 8.399e-009
935020800 0.000e+000
935625600 1.680e-008
936230400 0.000e+000
936835200 3.360e-007
937440000 4.200e-009
938044800 0.000e+000
938649600 0.000e+000
939254400 3.780e-008
939859200 2.520e-008
940464000 7.560e-008
941068800 1.680e-008
941673600 1.386e-007
942278400 1.260e-008
942883200 4.200e-009
943488000 1.260e-008
944092800 3.905e-007
944697600 0.000e+000
945302400 1.890e-007
945907200 1.932e-007
946512000 2.520e-008
947116800 0.000e+000
947721600 1.680e-008
948326400 6.300e-008
948931200 1.512e-007
949536000 0.000e+000
950140800 9.659e-008
950745600 1.092e-007
951350400 4.620e-008
951955200 5.880e-008
952560000 2.100e-008
953164800 0.000e+000
953769600 2.142e-007
954374400 0.000e+000
954979200 0.000e+000
955584000 0.000e+000
956188800 8.399e-009
956793600 0.000e+000
957398400 0.000e+000
958003200 8.399e-008
958608000 3.318e-007
959212800 0.000e+000
959817600 1.806e-007
960422400 0.000e+000
961027200 0.000e+000
961632000 0.000e+000
962236800 7.979e-008
962841600 0.000e+000
963446400 0.000e+000
964051200 0.000e+000
964656000 0.000e+000
965260800 0.000e+000
965865600 0.000e+000
966470400 1.260e-008
967075200 0.000e+000
967680000 0.000e+000
968284800 0.000e+000
968889600 0.000e+000
969494400 2.520e-007
970099200 0.000e+000
970704000 5.040e-008
971308800 0.000e+000
971913600 0.000e+000
972518400 1.134e-007
973123200 0.000e+000
973728000 4.284e-007
974332800 2.520e-008
974937600 0.000e+000
975542400 4.200e-008
976147200 1.848e-007
976752000 2.520e-007
977356800 1.092e-007
977961600 7.979e-008
978566400 0.000e+000
979171200 2.100e-008
979776000 3.780e-008
980380800 2.100e-008
980985600 0.000e+000
981590400 1.176e-007
982195200 7.979e-008
982800000 7.979e-008
983404800 0.000e+000
984009600 8.399e-009
984614400 0.000e+000
985219200 5.880e-008
985824000 6.300e-008
986428800 2.562e-007
987033600 0.000e+000
987638400 0.000e+000
988243200 1.680e-008
988848000 0.000e+000
989452800 5.460e-008
990057600 0.000e+000
990662400 6.300e-008
991267200 0.000e+000
991872000 2.100e-008
992476800 0.000e+000
993081600 2.856e-007
993686400 8.399e-009
994291200 9.239e-008
994896000 0.000e+000
995500800 0.000e+000
996105600 0.000e+000
996710400 4.200e-008
997315200 1.680e-008
997920000 0.000e+000
998524800 2.520e-008
999129600 8.399e-009
999734400 3.360e-008
1000339200 7.140e-008
1000944000 1.092e-007
1001548800 2.100e-008
1002153600 0.000e+000
1002758400 0.000e+000
1003363200 1.344e-007
1003968000 4.115e-007
1004572800 0.000e+000
1005177600 8.399e-009
1005782400 2.477e-007
1006387200 1.260e-007
1006992000 2.058e-007
1007596800 1.218e-007
1008201600 3.108e-007
1008806400 1.134e-007
1009411200 1.050e-007
1010016000 2.100e-007
1010620800 2.100e-008
1011225600 1.512e-007
1011830400 1.176e-007
1012435200 6.720e-008
1013040000 1.428e-007
1013644800 2.478e-007
1014249600 1.134e-007
1014854400 2.100e-008
1015459200 3.150e-007
1016064000 0.000e+000
1016668800 2.100e-008
1017273600 1.764e-007
1017878400 0.000e+000
1018483200 0.000e+000
1019088000 5.460e-008
1019692800 8.399e-009
1020297600 2.184e-007
1020902400 0.000e+000
1021507200 0.000e+000
1022112000 0.000e+000
1022716800 0.000e+000
1023321600 3.360e-008
1023926400 5.040e-008
1024531200 1.680e-007
1025136000 4.620e-008
1025740800 0.000e+000
1026345600 0.000e+000
1026950400 1.092e-007
1027555200 8.399e-009
1028160000 0.000e+000
1028764800 4.200e-009
1029369600 0.000e+000
1029974400 4.620e-008
1030579200 1.008e-007
1031184000 0.000e+000
1031788800 9.239e-008
1032393600 0.000e+000
1032998400 0.000e+000
1033603200 0.000e+000
1034208000 3.360e-008
1034812800 8.399e-008
1035417600 1.008e-007
1036022400 1.218e-007
1036627200 3.527e-007
1037232000 1.302e-007
1037836800 2.856e-007
1038441600 1.680e-007
1039046400 3.443e-007
1039651200 3.360e-008
1040256000 7.560e-008
1040860800 2.772e-007
1041465600 1.680e-008
1042070400 8.399e-009
1042675200 6.300e-008
1043280000 0.000e+000
1043884800 4.200e-009
1044489600 1.344e-007
1045094400 1.386e-007
1045699200 1.008e-007
1046304000 2.940e-008
1046908800 4.200e-009
1047513600 1.386e-007
1048118400 2.394e-007
1048723200 2.940e-008
1049328000 1.470e-007
1049932800 4.200e-009
1050537600 5.040e-008
1051142400 5.040e-008
1051747200 7.979e-008
1052352000 6.720e-008
1052956800 1.260e-008
1053561600 7.140e-008
1054166400 1.050e-007
1054771200 2.940e-008
1055376000 4.200e-009
1055980800 1.134e-007
1056585600 1.638e-007
1057190400 0.000e+000
1057795200 0.000e+000
1058400000 0.000e+000
1059004800 2.520e-008
1059609600 0.000e+000
1060214400 0.000e+000
1060819200 0.000e+000
1061424000 0.000e+000
1062028800 0.000e+000
1062633600 1.680e-008
1063238400 0.000e+000
1063843200 1.596e-007
1064448000 0.000e+000
1065052800 0.000e+000
1065657600 1.260e-008
1066262400 0.000e+000
1066867200 1.680e-008
1067472000 1.218e-007
1068076800 1.344e-007
1068681600 8.819e-008
1069286400 2.058e-007
1069891200 2.185e-007
1070496000 5.880e-008
1071100800 1.176e-007
1071705600 8.399e-009
1072310400 5.460e-008
1072915200 0.000e+000
1073520000 0.000e+000
1074124800 1.386e-007
1074729600 4.200e-009
1075334400 1.092e-007
1075939200 2.352e-007
1076544000 0.000e+000
1077148800 0.000e+000
1077753600 6.720e-008
1078358400 0.000e+000
1078963200 0.000e+000
1079568000 3.360e-008
1080172800 5.040e-008
1080777600 0.000e+000
1081382400 0.000e+000
1081987200 4.200e-009
1082592000 0.000e+000
1083196800 4.200e-009
1083801600 4.620e-008
1084406400 0.000e+000
1085011200 0.000e+000
1085616000 0.000e+000
1086220800 6.300e-008
1086825600 0.000e+000
1087430400 0.000e+000
1088035200 0.000e+000
1088640000 0.000e+000
1089244800 0.000e+000
1089849600 0.000e+000
1090454400 0.000e+000
1091059200 5.460e-008
1091664000 0.000e+000
1092268800 0.000e+000
1092873600 0.000e+000
1093478400 8.399e-009
1094083200 7.140e-008
1094688000 1.176e-007
1095292800 6.720e-008
1095897600 0.000e+000
1096502400 1.554e-007
1097107200 3.780e-008
1097712000 0.000e+000
1098316800 0.000e+000
1098921600 1.680e-008
1099526400 2.940e-008
1100131200 1.176e-007
1100736000 2.982e-007
1101340800 2.142e-007
1101945600 1.932e-007
1102550400 0.000e+000
1103155200 0.000e+000
1103760000 4.200e-009
1104364800 1.050e-007
1104969600 4.620e-008
1105574400 1.764e-007
1106179200 1.890e-007
1106784000 2.562e-007
1107388800 8.819e-008
1107993600 3.024e-007
1108598400 1.512e-007
1109203200 0.000e+000
1109808000 1.512e-007
1110412800 5.040e-008
1111017600 1.134e-007
1111622400 4.200e-009
1112227200 0.000e+000
1112832000 0.000e+000
1113436800 0.000e+000
1114041600 0.000e+000
1114646400 1.260e-008
1115251200 8.399e-008
1115856000 0.000e+000
1116460800 2.940e-008
1117065600 0.000e+000
1117670400 0.000e+000
1118275200 0.000e+000
1118880000 0.000e+000
1119484800 0.000e+000
1120089600 8.399e-008
1120694400 4.200e-009
1121299200 0.000e+000
1121904000 0.000e+000
1122508800 0.000e+000
1123113600 0.000e+000
1123718400 0.000e+000
1124323200 0.000e+000
1124928000 8.399e-009
1125532800 0.000e+000
1126137600 2.395e-007
1126742400 4.200e-008
1127347200 1.218e-007
1127952000 0.000e+000
1128556800 0.000e+000
1129161600 0.000e+000
1129766400 4.620e-008
1130371200 7.560e-008
1130976000 2.940e-008
1131580800 0.000e+000
1132185600 7.140e-008
1132790400 1.722e-007
1133395200 1.260e-007
1134000000 5.040e-008
1134604800 6.720e-008
1135209600 7.979e-008
1135814400 8.399e-008
1136419200 0.000e+000
1137024000 5.880e-008
1137628800 1.302e-007
1138233600 6.300e-008
1138838400 0.000e+000
1139443200 6.300e-008
1140048000 1.680e-008
1140652800 0.000e+000
1141257600 6.720e-008
1141862400 3.234e-007
1142467200 5.040e-008
1143072000 0.000e+000
1143676800 0.000e+000
1144281600 0.000e+000
1144886400 5.040e-008
1145491200 0.000e+000
1146096000 8.399e-009
1146700800 0.000e+000
1147305600 0.000e+000
1147910400 1.260e-008
1148515200 5.880e-008
1149120000 4.200e-009
1149724800 1.680e-008
1150329600 2.520e-008
1150934400 0.000e+000
1151539200 2.520e-008
1152144000 1.134e-007
1152748800 7.140e-008
1153353600 0.000e+000
1153958400 0.000e+000
1154563200 0.000e+000
1155168000 2.100e-008
1155772800 8.399e-009
1156377600 0.000e+000
1156982400 0.000e+000
1157587200 0.000e+000
1158192000 0.000e+000
1158796800 4.200e-009
1159401600 0.000e+000
1160006400 0.000e+000
1160611200 0.000e+000
1161216000 0.000e+000
1161820800 7.560e-008
1162425600 0.000e+000
1163030400 5.880e-008
1163635200 0.000e+000
1164240000 3.360e-008
1164844800 3.024e-007
1165449600 2.310e-007
1166054400 1.176e-007
1166659200 3.360e-008
1167264000 8.399e-009
1167868800 1.596e-007
1168473600 2.940e-008
1169078400 4.200e-009
1169683200 0.000e+000
1170288000 0.000e+000
1170892800 0.000e+000
1171497600 0.000e+000
1172102400 0.000e+000
1172707200 2.940e-008
1173312000 7.979e-008
1173916800 0.000e+000
1174521600 5.040e-008
1175126400 1.680e-008
1175731200 0.000e+000
1176336000 1.512e-007
1176940800 7.560e-008
1177545600 2.352e-007
1178150400 4.200e-009
1178755200 0.000e+000
1179360000 8.399e-009
1179964800 1.218e-007
1180569600 4.620e-008
1181174400 0.000e+000
1181779200 0.000e+000
1182384000 0.000e+000
1182988800 0.000e+000
1183593600 0.000e+000
1184198400 5.460e-008
1184803200 0.000e+000
1185408000 0.000e+000
1186012800 0.000e+000
1186617600 0.000e+000
1187222400 0.000e+000
1187827200 0.000e+000
1188432000 0.000e+000
1189036800 0.000e+000
1189641600 1.092e-007
1190246400 5.460e-008
1190851200 0.000e+000
1191456000 0.000e+000
1192060800 0.000e+000
1192665600 4.200e-009
1193270400 0.000e+000
1193875200 9.239e-008
1194480000 1.344e-007
1195084800 5.880e-008
1195689600 5.880e-008
1196294400 8.399e-009
1196899200 2.520e-008
1197504000 2.520e-008
1198108800 1.092e-007
1198713600 0.000e+000
1199318400 7.560e-008
1199923200 0.000e+000
1200528000 1.260e-008
1201132800 0.000e+000
1201737600 1.176e-007
1202342400 0.000e+000
1202947200 5.166e-007
1203552000 6.720e-008
1204156800 1.596e-007
1204761600 2.646e-007
1205366400 1.470e-007
1205971200 8.399e-008
1206576000 4.200e-009
1207180800 0.000e+000
1207785600 0.000e+000
1208390400 6.720e-008
1208995200 3.318e-007
1209600000 0.000e+000
1210204800 0.000e+000
1210809600 2.520e-008
1211414400 1.722e-007
1212019200 0.000e+000
1212624000 0.000e+000
1213228800 4.200e-009
1213833600 0.000e+000
1214438400 0.000e+000
1215043200 0.000e+000
1215648000 4.200e-009
1216252800 0.000e+000
1216857600 0.000e+000
1217462400 0.000e+000
1218067200 2.940e-008
1218672000 0.000e+000
1219276800 7.979e-008
1219881600 0.000e+000
1220486400 0.000e+000
1221091200 0.000e+000
1221696000 8.399e-009
1222300800 1.680e-008
1222905600 0.000e+000
1223510400 0.000e+000
1224115200 1.092e-007
1224720000 5.040e-008
1225324800 0.000e+000
1225929600 1.974e-007
1226534400 1.050e-007
1227139200 1.344e-007
1227744000 7.140e-008
1228348800 8.399e-009
1228953600 0.000e+000
1229558400 4.200e-009
1230163200 3.780e-008
1230768000 2.184e-007
1231372800 1.680e-008
1231977600 8.399e-009
1232582400 5.880e-008
1233187200 4.620e-008
1233792000 0.000e+000
1234396800 1.260e-008
1235001600 0.000e+000
1235606400 8.399e-009
1236211200 2.100e-008
1236816000 8.399e-009
1237420800 4.200e-009
1238025600 0.000e+000
1238630400 0.000e+000
1239235200 2.940e-008
1239840000 2.520e-008
1240444800 1.134e-007
1241049600 0.000e+000
1241654400 0.000e+000
1242259200 4.200e-009
1242864000 2.604e-007
1243468800 9.659e-008
1244073600 1.512e-007
1244678400 0.000e+000
1245283200 0.000e+000
1245888000 0.000e+000
1246492800 0.000e+000
1247097600 0.000e+000
1247702400 0.000e+000
1248307200 5.880e-008
1248912000 0.000e+000
1249516800 0.000e+000
1250121600 8.399e-009
1250726400 3.191e-007
1251331200 2.100e-008
1251936000 0.000e+000
1252540800 0.000e+000
1253145600 0.000e+000
1253750400 0.000e+000
1254355200 8.399e-009
1254960000 2.940e-008
1255564800 6.720e-008
1256169600 4.200e-009
1256774400 2.268e-007
1257379200 0.000e+000
1257984000 0.000e+000
1258588800 0.000e+000
1259193600 0.000e+000
1259798400 1.764e-007
1260403200 0.000e+000
1261008000 3.780e-008
1261612800 8.819e-008
1262217600 5.460e-008
1262822400 8.399e-008
1263427200 0.000e+000
1264032000 0.000e+000
1264636800 2.100e-008
1265241600 8.399e-009
1265846400 5.040e-008
1266451200 0.000e+000
1267056000 1.890e-007
1267660800 0.000e+000
1268265600 0.000e+000
1268870400 2.814e-007
1269475200 4.200e-009
1270080000 7.560e-008
1270684800 8.399e-008
1271289600 0.000e+000
1271894400 2.520e-008
1272499200 0.000e+000
1273104000 7.979e-008
1273708800 1.260e-007
1274313600 0.000e+000
1274918400 0.000e+000
1275523200 2.604e-007
1276128000 4.200e-009
1276732800 1.176e-007
1277337600 2.226e-007
1277942400 0.000e+000
1278547200 4.620e-008
1279152000 2.520e-008
1279756800 0.000e+000
1280361600 5.040e-008
1280966400 2.940e-008
1281571200 0.000e+000
1282176000 0.000e+000
1282780800 0.000e+000
1283385600 0.000e+000
1283990400 0.000e+000
1284595200 0.000e+000
1285200000 0.000e+000
1285804800 0.000e+000
1286409600 0.000e+000
1287014400 0.000e+000
1287619200 1.554e-007
1288224000 1.848e-007
1288828800 9.239e-008
1289433600 5.880e-008
1290038400 1.428e-007
1290643200 1.932e-007
1291248000 5.460e-008
1291852800 0.000e+000
1292457600 9.659e-008
1293062400 1.680e-008
1293667200 7.979e-008
1294272000 4.200e-009
1294876800 7.140e-008
1295481600 1.260e-008
1296086400 1.680e-008
1296691200 1.176e-007
1297296000 3.780e-008
1297900800 2.352e-007
1298505600 2.100e-008
1299110400 8.399e-009
1299715200 1.260e-008
1300320000 0.000e+000
1300924800 0.000e+000
1301529600 0.000e+000
1302134400 3.528e-007
1302739200 0.000e+000
1303344000 0.000e+000
1303948800 4.200e-008
1304553600 0.000e+000
1305158400 0.000e+000
1305763200 0.000e+000
1306368000 0.000e+000
1306972800 0.000e+000
1307577600 3.696e-007
1308182400 0.000e+000
1308787200 1.092e-007
1309392000 3.360e-008
1309996800 4.200e-009
1310601600 4.200e-009
1311206400 1.176e-007
1311811200 0.000e+000
1312416000 0.000e+000
1313020800 0.000e+000
1313625600 8.399e-008
1314230400 0.000e+000
1314835200 0.000e+000
1315440000 0.000e+000
1316044800 9.239e-008
1316649600 2.100e-008
1317254400 0.000e+000
1317859200 0.000e+000
1318464000 0.000e+000
1319068800 4.620e-008
1319673600 2.100e-007
1320278400 1.386e-007
1320883200 2.100e-008
1321488000 2.142e-007
1322092800 7.560e-008
1322697600 7.979e-008
1323302400 2.309e-007
1323907200 1.470e-007
1324512000 7.140e-008
1325116800 2.982e-007
1325721600 1.554e-007
1326326400 1.218e-007
1326931200 2.016e-007
1327536000 4.200e-009
1328140800 4.200e-009
1328745600 0.000e+000
1329350400 4.871e-007
1329955200 5.460e-008
1330560000 6.720e-008
1331164800 4.200e-009
1331769600 1.554e-007
1332374400 0.000e+000
1332979200 1.302e-007
1333584000 1.176e-007
1334188800 1.680e-008
1334793600 1.680e-008
1335398400 7.140e-008
1336003200 1.260e-008
1336608000 0.000e+000
1337212800 3.360e-008
1337817600 1.512e-007
1338422400 2.520e-008
1339027200 4.200e-009
1339632000 1.680e-008
1340236800 4.200e-009
1340841600 0.000e+000
1341446400 6.300e-008
1342051200 6.510e-007
1342656000 2.100e-008
1343260800 4.200e-009
1343865600 0.000e+000
1344470400 1.008e-007
1345075200 0.000e+000
1345680000 0.000e+000
1346284800 0.000e+000
1346889600 0.000e+000
1347494400 1.680e-008
1348099200 0.000e+000
1348704000 0.000e+000
1349308800 2.100e-008
1349913600 8.399e-009
1350518400 0.000e+000
1351123200 8.399e-009
1351728000 0.000e+000
1352332800 4.200e-009
1352937600 1.260e-008
1353542400 5.880e-008
1354147200 7.979e-008
1354752000 2.646e-007
1355356800 0.000e+000
1355961600 0.000e+000
1356566400 1.638e-007
1357171200 6.300e-008
1357776000 4.200e-009
1358380800 8.399e-009
1358985600 0.000e+000
1359590400 0.000e+000
1360195200 0.000e+000
1360800000 1.260e-008
1361404800 3.360e-008
1362009600 0.000e+000
1362614400 4.200e-009
1363219200 8.399e-009
1363824000 0.000e+000
1364428800 0.000e+000
1365033600 9.659e-008
1365638400 4.200e-009
1366243200 1.512e-007
1366848000 4.200e-009
1367452800 4.200e-009
1368057600 2.520e-007
1368662400 2.730e-007
1369267200 0.000e+000
1369872000 1.092e-007
1370476800 8.399e-009
1371081600 3.780e-008
1371686400 8.399e-009
1372291200 0.000e+000
1372896000 6.300e-008
1373500800 0.000e+000
1374105600 0.000e+000
1374710400 0.000e+000
1375315200 2.520e-008
1375920000 0.000e+000
1376524800 0.000e+000
1377129600 8.399e-009
1377734400 8.399e-009
1378339200 0.000e+000
1378944000 2.520e-008
1379548800 0.000e+000
1380153600 0.000e+000
1380758400 0.000e+000
1381363200 1.596e-007
1381968000 0.000e+000
1382572800 2.310e-007
1383177600 3.780e-008
1383782400 9.239e-008
1384387200 1.218e-007
1384992000 2.520e-008
1385596800 8.399e-009
1386201600 1.260e-007
1386806400 2.142e-007
1387411200 2.311e-007
1388016000 0.000e+000
1388620800 3.107e-007
1389225600 3.276e-007
1389830400 4.200e-009
1390435200 2.394e-007
1391040000 5.460e-008
1391644800 2.394e-007
1392249600 1.260e-008
1392854400 0.000e+000
1393459200 0.000e+000
1394064000 3.024e-007
1394668800 9.659e-008
1395273600 0.000e+000
1395878400 0.000e+000
1396483200 3.780e-008
1397088000 2.100e-007
1397692800 5.880e-008
1398297600 3.402e-007
1398902400 3.360e-008
1399507200 2.939e-007
1400112000 0.000e+000
1400716800 4.200e-009
1401321600 3.360e-008
1401926400 1.260e-007
1402531200 1.638e-007
1403136000 0.000e+000
1403740800 8.399e-009
1404345600 1.176e-007
1404950400 0.000e+000
1405555200 0.000e+000
1406160000 1.680e-008
1406764800 0.000e+000
1407369600 2.520e-008
1407974400 4.200e-009
1408579200 0.000e+000
1409184000 0.000e+000
1409788800 2.813e-007
1410393600 0.000e+000
1410998400 0.000e+000
1411603200 8.819e-008
1412208000 1.596e-007
1412812800 1.218e-007
1413417600 3.780e-008
1414022400 8.399e-009
1414627200 2.520e-008
1415232000 2.436e-007
1415836800 1.260e-008
1416441600 1.554e-007
1417046400 7.979e-008
1417651200 3.822e-007
1418256000 2.814e-007
1418860800 4.200e-009
1419465600 2.352e-007
1420070400 1.092e-007
1420675200 3.360e-008
1421280000 2.268e-007
1421884800 2.184e-007
1422489600 1.050e-007
1423094400 1.638e-007
1423699200 5.880e-008
1424304000 1.848e-007
1424908800 1.302e-007
1425513600 5.460e-008
1426118400 0.000e+000
1426723200 5.460e-008
1427328000 1.596e-007
1427932800 0.000e+000
1428537600 0.000e+000
1429142400 1.218e-007
1429747200 8.399e-009
1430352000 0.000e+000
1430956800 5.880e-008
1431561600 7.560e-008
1432166400 8.399e-008
1432771200 4.200e-008
1433376000 0.000e+000
1433980800 0.000e+000
1434585600 2.100e-008
1435190400 0.000e+000
1435795200 0.000e+000
1436400000 0.000e+000
1437004800 5.880e-008
1437609600 0.000e+000
1438214400 4.200e-009
1438819200 0.000e+000
1439424000 0.000e+000
1440028800 4.200e-009
1440633600 0.000e+000
1441238400 0.000e+000
1441843200 8.399e-008
1442448000 8.399e-009
1443052800 0.000e+000
1443657600 4.200e-009
1444262400 4.620e-008
1444867200 2.100e-008
1445472000 2.856e-007
1446076800 1.260e-008
1446681600 0.000e+000
1447286400 2.729e-007
1447891200 7.980e-007
1448496000 5.040e-008
1449100800 1.302e-007
1449705600 1.596e-007
1450310400 8.819e-008
1450915200 8.693e-007
1451520000 3.360e-007
1452124800 0.000e+000
1452729600 1.932e-007
1453334400 1.092e-007
1453939200 2.982e-007
1454544000 0.000e+000
1455148800 1.050e-007
1455753600 0.000e+000
1456358400 5.040e-008
1456963200 4.200e-009
1457568000 2.016e-007
1458172800 3.780e-008
1458777600 0.000e+000
1459382400 0.000e+000
1459987200 0.000e+000
1460592000 2.520e-008
1461196800 1.092e-007
1461801600 4.200e-009
1462406400 0.000e+000
1463011200 0.000e+000
1463616000 4.200e-008
1464220800 9.659e-008
1464825600 1.176e-007
1465430400 2.520e-008
1466035200 0.000e+000
1466640000 5.040e-008
1467244800 0.000e+000
1467849600 5.460e-008
1468454400 4.200e-009
1469059200 0.000e+000
1469664000 2.100e-008
1470268800 0.000e+000
1470873600 0.000e+000
1471478400 2.520e-008
1472083200 0.000e+000
1472688000 6.300e-008
1473292800 0.000e+000
1473897600 6.720e-008
1474502400 4.200e-009
1475107200 8.399e-009
1475712000 1.931e-007
1476316800 0.000e+000
1476921600 1.680e-008
1477526400 1.680e-007
1478131200 2.394e-007
1478736000 4.200e-009
1479340800 1.512e-007
1479945600 2.940e-008
1480550400 1.218e-007
1481155200 0.000e+000
1481760000 8.399e-009
1482364800 0.000e+000
1482969600 4.620e-008
1483574400 1.386e-007
1484179200 2.436e-007
1484784000 8.399e-008
1485388800 3.360e-008
1485993600 1.554e-007
1486598400 1.764e-007
1487203200 1.134e-007
1487808000 6.720e-008
1488412800 0.000e+000
1489017600 4.200e-009
1489622400 8.399e-008
1490227200 0.000e+000
1490832000 7.979e-008
1491436800 8.399e-009
1492041600 0.000e+000
1492646400 8.399e-009
1493251200 0.000e+000
1493856000 0.000e+000
1494460800 1.092e-007
1495065600 6.720e-008
1495670400 4.200e-008
1496275200 2.520e-008
1496880000 1.260e-008
1497484800 1.596e-007
1498089600 4.200e-009
1498694400 0.000e+000
1499299200 6.720e-008
1499904000 0.000e+000
1500508800 0.000e+000
1501113600 7.560e-008
1501718400 0.000e+000
1502323200 0.000e+000
1502928000 1.680e-008
1503532800 0.000e+000
1504137600 0.000e+000
1504742400 0.000e+000
1505347200 1.680e-008
1505952000 2.520e-008
1506556800 0.000e+000
1507161600 4.200e-009
1507766400 0.000e+000
1508371200 0.000e+000
1508976000 1.134e-007
1509580800 3.024e-007
1510185600 0.000e+000
1510790400 9.659e-008
1511395200 1.428e-007
1512000000 8.399e-009
1512604800 1.008e-007
1513209600 0.000e+000
1513814400 6.720e-008
1514419200 8.399e-009
1515024000 4.200e-009
1515628800 1.092e-007
1516233600 2.604e-007
1516838400 0.000e+000
1517443200 3.780e-008
1518048000 0.000e+000
1518652800 1.176e-007
1519257600 1.386e-007
1519862400 8.399e-009
1520467200 8.399e-009
1521072000 8.399e-009
1521676800 0.000e+000
1522281600 0.000e+000
1522886400 0.000e+000
1523491200 0.000e+000
1524096000 0.000e+000
1524700800 8.399e-009
1525305600 7.560e-008
1525910400 5.880e-008
1526515200 0.000e+000
1527120000 0.000e+000
1527724800 0.000e+000
1528329600 8.399e-008
1528934400 0.000e+000
1529539200 4.620e-008
1530144000 4.200e-009
1530748800 0.000e+000
1531353600 2.520e-008
1531958400 0.000e+000
1532563200 0.000e+000
1533168000 2.016e-007
1533772800 8.399e-009
1534377600 4.200e-009
1534982400 2.520e-008
1535587200 0.000e+000
1536192000 0.000e+000
1536796800 0.000e+000
1537401600 0.000e+000
1538006400 0.000e+000
1538611200 4.200e-009
1539216000 0.000e+000
1539820800 2.940e-008
1540425600 1.680e-007
1541030400 5.880e-008
1541635200 1.260e-008
1542240000 8.399e-009
1542844800 0.000e+000
1543449600 3.780e-008
1544054400 0.000e+000
1544659200 0.000e+000
1545264000 8.399e-009
1545868800 2.520e-008
1546473600 2.940e-008
1547078400 1.848e-007
1547683200 1.218e-007
1548288000 1.092e-007
1548892800 8.399e-009
1549497600 2.142e-007
1550102400 0.000e+000
1550707200 2.352e-007
1551312000 2.436e-007
1551916800 7.560e-008
1552521600 7.140e-008
1553126400 1.680e-008
1553731200 0.000e+000
1554336000 0.000e+000
1554940800 2.395e-007
1555545600 0.000e+000
1556150400 8.399e-009
1556755200 9.659e-008
1557360000 0.000e+000
1557964800 1.680e-008
1558569600 0.000e+000
1559174400 2.016e-007
1559779200 1.050e-007
1560384000 0.000e+000
1560988800 0.000e+000
1561593600 8.819e-008
1562198400 1.050e-007
1562803200 0.000e+000
1563408000 0.000e+000
1564012800 0.000e+000
1564617600 0.000e+000
1565222400 0.000e+000
1565827200 0.000e+000
1566432000 0.000e+000
1567036800 4.200e-008
1567641600 1.344e-007
1568246400 0.000e+000
1568851200 5.460e-008
1569456000 6.300e-008
1570060800 0.000e+000
1570665600 9.239e-008
1571270400 7.560e-008
1571875200 1.260e-008
1572480000 0.000e+000
1573084800 2.310e-007
1573689600 0.000e+000
1574294400 1.890e-007
1574899200 4.200e-008
1575504000 0.000e+000
1576108800 1.008e-007
1576713600 1.722e-007
1577318400 0.000e+000
