#     igeom   nx  ny  nz  nphase npec  npricomp ndof idcdm itable 
GRID   1      256 128 256   1     1    1        3     0     0
#
#    npx npy npz
#PROC  1   1   2
#
#options: write_init iprint imod itecplot iblkfmt  ndtcmx iran_por ran_fac read_perm read_geom
OPTS      1            1      1     1       1         3      0       0.d0      0         0
#
#    steps iaccel newtmx icutmx dpmx   dtmpmx   dcmx  dsmx
TOLR 20000    7     16     8    5.d4     4.0    0.08  1.0
#
DXYZ
#dx(k=1,  256 )
  5.0000E+00  5.0000E+00  5.0000E+00  5.0000E+00  5.0000E+00  5.0000E+00  5.0000E+00  5.0000E+00  5.0000E+00  5.0000E+00
  5.0000E+00  5.0000E+00  5.0000E+00  5.0000E+00  5.0000E+00  2.9070E+00  2.9070E+00  2.9070E+00  2.9070E+00  2.9070E+00
  2.9070E+00  2.9070E+00  2.9070E+00  2.9070E+00  2.9070E+00  2.9070E+00  2.9070E+00  2.9070E+00  2.9070E+00  2.9070E+00
  2.9070E+00  2.9070E+00  2.9070E+00  2.9070E+00  2.9070E+00  2.9070E+00  2.9070E+00  2.9070E+00  2.9070E+00  2.9070E+00
  2.9070E+00  2.9070E+00  2.9070E+00  2.9070E+00  2.9070E+00  2.9070E+00  2.9070E+00  2.9070E+00  2.9070E+00  2.9070E+00
  2.9070E+00  2.9070E+00  2.9070E+00  2.9070E+00  2.9070E+00  2.9070E+00  2.9070E+00  2.9070E+00  2.9070E+00  2.9070E+00
  2.9070E+00  2.9070E+00  2.9070E+00  2.9070E+00  2.9070E+00  2.9070E+00  2.9070E+00  2.9070E+00  2.9070E+00  2.9070E+00
  2.9070E+00  2.9070E+00  2.9070E+00  2.9070E+00  2.9070E+00  2.9070E+00  2.9070E+00  2.9070E+00  2.9070E+00  2.9070E+00
  2.9070E+00  2.9070E+00  2.9070E+00  2.9070E+00  2.9070E+00  2.9070E+00  2.9070E+00  2.9070E+00  2.9070E+00  2.9070E+00
  2.9070E+00  2.9070E+00  2.9070E+00  2.9070E+00  2.9070E+00  2.9070E+00  2.9070E+00  2.9070E+00  2.9070E+00  2.9070E+00
  2.9070E+00  2.9070E+00  2.9070E+00  2.9070E+00  2.9070E+00  2.9070E+00  2.9070E+00  2.9070E+00  2.9070E+00  2.9070E+00
  2.9070E+00  2.9070E+00  2.9070E+00  2.9070E+00  2.9070E+00  2.9070E+00  2.9070E+00  2.9070E+00  2.9070E+00  2.9070E+00
  2.9070E+00  2.9070E+00  2.9070E+00  2.9070E+00  2.9070E+00  2.9070E+00  2.9070E+00  2.9070E+00  2.9070E+00  2.9070E+00
  2.9070E+00  2.9070E+00  2.9070E+00  2.9070E+00  2.9070E+00  2.9070E+00  2.9070E+00  2.9070E+00  2.9070E+00  2.9070E+00
  2.9070E+00  2.9070E+00  2.9070E+00  2.9070E+00  5.0000E+00  5.0000E+00  5.0000E+00  5.0000E+00  5.0000E+00  5.0000E+00
  5.0000E+00  5.0000E+00  5.0000E+00  5.0000E+00  5.0000E+00  5.0000E+00  5.0000E+00  5.0000E+00  1.0000E+01  1.0000E+01
  1.0000E+01  1.0000E+01  1.0000E+01  1.0000E+01  1.0000E+01  1.0000E+01  1.0000E+01  1.0000E+01  1.0000E+01  1.0000E+01
  1.0000E+01  1.0000E+01  1.0000E+01  1.0000E+01  1.0000E+01  1.0000E+01  1.0000E+01  1.0000E+01  1.0000E+01  1.0000E+01
  1.0000E+01  1.0000E+01  1.0000E+01  1.0000E+01  1.0000E+01  1.0000E+01  1.0000E+01  1.0000E+01  1.0000E+01  1.0000E+01
  1.0000E+01  1.0000E+01  1.0000E+01  1.0000E+01  1.0000E+01  1.0000E+01  1.0000E+01  1.0000E+01  1.0000E+01  1.0000E+01
  1.0000E+01  1.0000E+01  1.0000E+01  1.0000E+01  1.0000E+01  1.0000E+01  1.0000E+01  1.0000E+01  1.0000E+01  1.0000E+01
  1.0000E+01  1.0000E+01  1.0000E+01  1.0000E+01  1.0000E+01  1.0000E+01  1.0000E+01  1.0000E+01  1.0000E+01  1.0000E+01
  1.0000E+01  1.0000E+01  1.0000E+01  1.0000E+01  1.0000E+01  1.0000E+01  1.0000E+01  1.0000E+01  1.0000E+01  1.0000E+01
  1.0000E+01  1.0000E+01  1.0000E+01  1.0000E+01  1.0000E+01  1.0000E+01  1.0000E+01  1.0000E+01  1.0000E+01  1.0000E+01
  1.0000E+01  1.0000E+01  1.0000E+01  1.0000E+01  1.0000E+01  1.0000E+01  1.0000E+01  1.0000E+01  1.0000E+01  1.0000E+01
  1.0000E+01  1.0000E+01  1.0000E+01  1.0000E+01  1.0000E+01  1.0000E+01
#dy(k=1,  128 )
  3.1250E+00  3.1250E+00  3.1250E+00  3.1250E+00  3.1250E+00  3.1250E+00  3.1250E+00  3.1250E+00  3.1250E+00  3.1250E+00
  3.1250E+00  3.1250E+00  3.1250E+00  3.1250E+00  3.1250E+00  3.1250E+00  3.1250E+00  3.1250E+00  3.1250E+00  3.1250E+00
  3.1250E+00  3.1250E+00  3.1250E+00  3.1250E+00  3.1250E+00  3.1250E+00  3.1250E+00  3.1250E+00  3.1250E+00  3.1250E+00
  3.1250E+00  3.1250E+00  3.1250E+00  3.1250E+00  3.1250E+00  3.1250E+00  3.1250E+00  3.1250E+00  3.1250E+00  3.1250E+00
  3.1250E+00  3.1250E+00  3.1250E+00  3.1250E+00  3.1250E+00  3.1250E+00  3.1250E+00  3.1250E+00  3.1250E+00  3.1250E+00
  3.1250E+00  3.1250E+00  3.1250E+00  3.1250E+00  3.1250E+00  3.1250E+00  3.1250E+00  3.1250E+00  3.1250E+00  3.1250E+00
  3.1250E+00  3.1250E+00  3.1250E+00  3.1250E+00  3.1250E+00  3.1250E+00  3.1250E+00  3.1250E+00  3.1250E+00  3.1250E+00
  3.1250E+00  3.1250E+00  3.1250E+00  3.1250E+00  3.1250E+00  3.1250E+00  3.1250E+00  3.1250E+00  3.1250E+00  3.1250E+00
  3.1250E+00  3.1250E+00  3.1250E+00  3.1250E+00  3.1250E+00  3.1250E+00  3.1250E+00  3.1250E+00  3.1250E+00  3.1250E+00
  3.1250E+00  3.1250E+00  3.1250E+00  3.1250E+00  3.1250E+00  3.1250E+00  3.1250E+00  3.1250E+00  3.1250E+00  3.1250E+00
  3.1250E+00  3.1250E+00  3.1250E+00  3.1250E+00  3.1250E+00  3.1250E+00  3.1250E+00  3.1250E+00  3.1250E+00  3.1250E+00
  3.1250E+00  3.1250E+00  3.1250E+00  3.1250E+00  3.1250E+00  3.1250E+00  3.1250E+00  3.1250E+00  3.1250E+00  3.1250E+00
  3.1250E+00  3.1250E+00  3.1250E+00  3.1250E+00  3.1250E+00  3.1250E+00  3.1250E+00  3.1250E+00
#dz(k=1,  256 )
  5.0000E+00  5.0000E+00  5.0000E+00  5.0000E+00  5.0000E+00  5.0000E+00  5.0000E+00  5.0000E+00  5.0000E+00  5.0000E+00
  5.0000E+00  5.0000E+00  5.0000E+00  5.0000E+00  5.0000E+00  5.0000E+00  5.0000E+00  5.0000E+00  5.0000E+00  5.0000E+00
  5.0000E+00  5.0000E+00  5.0000E+00  5.0000E+00  5.0000E+00  5.0000E+00  5.0000E+00  5.0000E+00  5.0000E+00  5.0000E+00
  5.0000E+00  5.0000E+00  5.0000E+00  5.0000E+00  5.0000E+00  5.0000E+00  5.0000E+00  5.0000E+00  5.0000E+00  5.0000E+00
  5.0000E+00  5.0000E+00  5.0000E+00  5.0000E+00  5.0000E+00  5.0000E+00  5.0000E+00  5.0000E+00  5.0000E+00  5.0000E+00
  5.0000E+00  5.0000E+00  5.0000E+00  5.0000E+00  5.0000E+00  5.0000E+00  5.0000E+00  5.0000E+00  5.0000E+00  5.0000E+00
  5.0000E+00  5.0000E+00  5.0000E+00  5.0000E+00  5.0000E+00  5.0000E+00  5.0000E+00  5.0000E+00  5.0000E+00  5.0000E+00
  5.0000E+00  5.0000E+00  5.0000E+00  5.0000E+00  5.0000E+00  5.0000E+00  5.0000E+00  5.0000E+00  5.0000E+00  5.0000E+00
  5.0000E+00  5.0000E+00  5.0000E+00  5.0000E+00  5.0000E+00  5.0000E+00  5.0000E+00  5.0000E+00  5.0000E+00  5.0000E+00
  5.0000E+00  5.0000E+00  5.0000E+00  5.0000E+00  5.0000E+00  5.0000E+00  5.0000E+00  5.0000E+00  5.0000E+00  5.0000E+00
  5.0000E+00  5.0000E+00  5.0000E+00  5.0000E+00  5.0000E+00  5.0000E+00  5.0000E+00  5.0000E+00  5.0000E+00  5.0000E+00
  5.0000E+00  5.0000E+00  5.0000E+00  5.0000E+00  5.0000E+00  5.0000E+00  5.0000E+00  5.0000E+00  5.0000E+00  5.0000E+00
  2.3256E+00  2.3256E+00  2.3256E+00  2.3256E+00  2.3256E+00  2.3256E+00  2.3256E+00  2.3256E+00  2.3256E+00  2.3256E+00
  2.3256E+00  2.3256E+00  2.3256E+00  2.3256E+00  2.3256E+00  2.3256E+00  2.3256E+00  2.3256E+00  2.3256E+00  2.3256E+00
  2.3256E+00  2.3256E+00  2.3256E+00  2.3256E+00  2.3256E+00  2.3256E+00  2.3256E+00  2.3256E+00  2.3256E+00  2.3256E+00
  2.3256E+00  2.3256E+00  2.3256E+00  2.3256E+00  2.3256E+00  2.3256E+00  2.3256E+00  2.3256E+00  2.3256E+00  2.3256E+00
  2.3256E+00  2.3256E+00  2.3256E+00  2.3256E+00  2.3256E+00  2.3256E+00  2.3256E+00  2.3256E+00  2.3256E+00  2.3256E+00
  2.3256E+00  2.3256E+00  2.3256E+00  2.3256E+00  2.3256E+00  2.3256E+00  2.3256E+00  2.3256E+00  2.3256E+00  2.3256E+00
  2.3256E+00  2.3256E+00  2.3256E+00  2.3256E+00  2.3256E+00  2.3256E+00  2.3256E+00  2.3256E+00  2.3256E+00  2.3256E+00
  2.3256E+00  2.3256E+00  2.3256E+00  2.3256E+00  2.3256E+00  2.3256E+00  2.3256E+00  2.3256E+00  2.3256E+00  2.3256E+00
  2.3256E+00  2.3256E+00  2.3256E+00  2.3256E+00  2.3256E+00  2.3256E+00  5.0000E+00  5.0000E+00  5.0000E+00  5.0000E+00
  5.0000E+00  5.0000E+00  5.0000E+00  5.0000E+00  5.0000E+00  5.0000E+00  5.0000E+00  5.0000E+00  5.0000E+00  5.0000E+00
  5.0000E+00  5.0000E+00  5.0000E+00  5.0000E+00  5.0000E+00  5.0000E+00  5.0000E+00  5.0000E+00  5.0000E+00  5.0000E+00
  5.0000E+00  5.0000E+00  5.0000E+00  5.0000E+00  5.0000E+00  5.0000E+00  5.0000E+00  5.0000E+00  5.0000E+00  5.0000E+00
  5.0000E+00  5.0000E+00  5.0000E+00  5.0000E+00  5.0000E+00  5.0000E+00  5.0000E+00  5.0000E+00  5.0000E+00  5.0000E+00
  5.0000E+00  5.0000E+00  5.0000E+00  5.0000E+00  5.0000E+00  5.0000E+00
#
#    atol     rtol     stol   dtol  newton_max   maxf
SOLV 1.d-12   1.d-12   1.d-8  1d5     10          100
#
#  d0[m^2/s] delhaq[kJ/mol] dgas[cm^2/s] dgexp tortaq tortg exps
DIFF 1.d-9        12.6         2.13d-1    1.8   1.d0   1.d0
#
THRM
# no rho     cpr   ckdry  cksat   tau  cdiff   cexp
#chimney
  1  2.354e3 1043.0  0.25  1.8     1.0  2.13e-5  1.8
#glass
  2  2.9e3   1154.0  0.25  2.7     1.0  2.13e-5  1.8
#TSA
  3  2.5e3    880.0  0.25  1.8     1.0  2.13e-5  1.8
#CHZcm
  4  2.35e3  1154.0  0.25  1.2     1.0  2.13e-5  1.8
#LAVA
  5  2.27e3  1000.0  0.25  2.5     1.0  2.13e-5  1.8
#IAQ
  6  2.27e3  1000.0  0.25  2.5     1.0  2.13e-5  1.8
/
#
PHIK
# i1  i2  j1  j2  k1  k2 icp ithm porm  tau  permx    permy   permz  permpwr
# TSA
   1 256   1 128   1  29   1  3   0.01  1.d0 5.e-11  5.e-11  5.e-11  1.d0
# CHZcm
   1 256   1 128  30  64   1  4   0.25  1.d0 2.e-14  2.e-14  2.e-14  1.d0
# LAVA
   1 256   1 128  65 110   1  5   0.01  1.d0 1.e-12  1.e-12  1.e-12  1.d0
# CHZcm
   1 256   1 128 111 216   1  4   0.25  1.d0 2.e-14  2.e-14  2.e-14  1.d0
# IAQ
   1 256   1 128 217 256   1  6   0.083 1.d0 5.e-13  5.e-13  5.e-13  1.d0
# chimney
  29  89  37  93   1 154   1  1   0.185 1.d0 1.e-11  1.e-11  1.e-11  1.d0
# glass
  29  89  94 128 155 170   1  2   0.01  1.d0 1.e-14  1.e-14  1.e-14  1.d0
/
#  read_init
INIT 0
#i1  i2  j1  j2  k1  k2    pf    tf    sl   conc
  1 256   1 128   1 256   1.5e6  25.d0 1.   1.e-12 
/
#
BCON
#ibndtyp iface
   1       1
#i1  i2  j1  j2  k1  k2
  1   1   1 128   1 256
#Pressure [Pa] H2O  Temp [C]  sl  Conc [mol/L]
           1.54d6   25.d0     1.d0  1.e-12
/
#ibndtyp iface
   3       2
#i1  i2  j1  j2  k1  k2
256 256   1 128   1 256
#Pressure [Pa] H2O  Temp [C]  sl  Conc [mol/L]
1.53d6              25.d0     1.d0  1.e-12
/
#ibndtyp iface
   4       3
#i1  i2  j1  j2  k1  k2
  1 256   1 128   1   1
#vel [m/s]   Temp   sl  Conc
0.d0         25.d0  1.d0  1.d-12
/
#ibndtyp iface
   4       4
#i1  i2  j1  j2  k1  k2
  1 256   1 128 256 256
#vel [m/s]   Temp   sl  Conc
0.d0         25.d0  1.d0  1.d-12
/
#ibndtyp iface
   2       5
#i1  i2  j1  j2  k1  k2
  1 256   1   1   1 256
#vel [m/s]   Temp   sl  Conc
0.d0         25.d0  1.d0  1.d-12
/
#ibndtyp iface
   2       6
#i1  i2  j1  j2  k1  k2
  1 256 128 128   1 256
#vel [m/s]   Temp   sl  Conc
0.d0         25.d0  1.d0  1.d-12
/
/
#
#    ihydrostatic alpha [C/m]  beta [m/m]  tref [C]  pref [Pa]  conc
HYDR     1        0.01069d0     1.d-3      32.8d0    8.d6       1.d-12
#
#     ret   fc
#RADN 1.d0 1.08d0
#
BRK
#i1  i2  j1  j2  k1  k2  brktyp  axis
256 256   1 128   1  29    1        1
256 256   1 128  30  64    1        1
256 256   1 128  65 110    1        1
256 256   1 128 111 216    1        1
256 256   1 128 217 256    1        1
/
#
SDST 1.d-8 1.d-8 1.d-8
#
TIME y 1 
1000.
DTST 2 1 100
1.d-6  1.d0 1.d1

